0.28183829312644537	0.0004933508885463201
0.28248799749157066	0.0007697202607561079
0.2831391995799379	0.0010903189790473404
0.28379190284415556	0.0014449083458102456
0.28444611074479154	0.0018304233354707697
0.2851018267503909	0.0022478573464605246
0.28575905433749466	0.002693709062366293
0.28641779699065806	0.003164753496421504
0.28707805820246907	0.0036620853979258895
0.2877398414735669	0.004184416291105516
0.28840315031266056	0.0047286953895708155
0.28906798823654756	0.005295739281099535
0.28973435877013226	0.005885435406102948
0.29040226544644504	0.006494866929265189
0.2910717118066605	0.007124829785091442
0.29174270140011666	0.007775481315194596
0.29241523778433354	0.008444102164788489
0.29308932452503206	0.009131890316603318
0.2937649651961531	0.009838568212333827
0.2944421633798761	0.010561883469986958
0.29512092266663853	0.011302982314635508
0.29580124665515456	0.012061601240393743
0.2964831389524342	0.012835778405775029
0.2971666031738026	0.013627258919696678
0.29785164294291894	0.014434345244416037
0.29853826189179594	0.01525752646042388
0.2992264636608189	0.01609709737548562
0.2999162518987651	0.016949984858266248
0.30060763026282306	0.017817690433785293
0.3013006024186121	0.018700771095823524
0.3019951720402016	0.019597742964101283
0.30269134281013055	0.020509189823752074
0.30338911841942706	0.021434305734676858
0.3040885025676279	0.02237283247656822
0.3047894989627983	0.02332487658525686
0.3054921113215513	0.024290129401097694
0.3061963433690677	0.025268488029956657
0.30690219883911574	0.026259295965474962
0.3076096814740708	0.02726384450792126
0.3083187950249354	0.028281064835907012
0.30902954325135906	0.029309074060481517
0.309741929921658	0.030350153124993947
0.31045595881283555	0.03140199520774528
0.31117163371060175	0.03246676403106022
0.3118889584093937	0.03354299344772809
0.3126079367123955	0.034630063802841164
0.31332857243155854	0.035728715820284564
0.3140508693876217	0.03683764407326318
0.3147748314101316	0.03795908801134446
0.31550046233746265	0.03908972586981636
0.31622776601683794	0.040233414774570264
0.31695674630434906	0.0413864861460889
0.317687407064977	0.04255047648983324
0.3184197521726124	0.04372328248487032
0.3191537855100761	0.04490782495530314
0.31988951096913976	0.046101344835821234
0.3206269324505465	0.047305169218896284
0.3213660538640317	0.04851879255246813
0.3221068791283434	0.04974220559479335
0.3228494121712635	0.05097542185298246
0.3235936569296282	0.05221815632791613
0.3243396173493492	0.05347123638160531
0.32508729738543435	0.05473188177092577
0.32583670100200873	0.056002718301410806
0.3265878321723358	0.05728201735034949
0.32734069487883816	0.05857063241208626
0.32809529311311897	0.05986747591324332
0.328851630875983	0.06117432141545059
0.3296097121774577	0.0624888991887764
0.33036954103681476	0.06381247956820492
0.33113112148259105	0.06514598708046468
0.3318944575526104	0.06648645637748901
0.3326595532940045	0.0678360902237999
0.3334264127632349	0.06919360341645225
0.3341950400261142	0.07055917124648328
0.3349654391578276	0.07193327433588009
0.3357376142429546	0.07331527995186055
0.3365115693754907	0.07470484801463421
0.33728730865886886	0.07610387943791712
0.3380648362059816	0.07751048320523862
0.33884415613920255	0.07892398754879178
0.3396252725904084	0.08034549720490491
0.34040818970100084	0.0817751707734295
0.3411929116219285	0.08321279991461682
0.3419794425137088	0.08465721534019677
0.34276778654645035	0.08610979839165439
0.3435579478998746	0.08757131951056771
0.3443499307633385	0.08903877163522958
0.3451437393358562	0.09051364264336426
0.3459393778261219	0.09199600026789125
0.34673685045253155	0.09348638404713912
0.34753616144320576	0.09498383886745405
0.34833731503601173	0.0964881522677021
0.3491403154785861	0.09800163499261343
0.3499451670283572	0.09952047534953845
0.35075187395256796	0.10104856050987918
0.35156044052829805	0.10257483700376632
0.3523708710424871	0.10412207240157527
0.3531831697919569	0.10566802260471816
0.3539973410834346	0.1072248948801945
0.3548133892335754	0.10878543954379333
0.3556313185689853	0.11035475802383148
0.3564511334262442	0.11193617617838887
0.35727283815192884	0.11351930601474199
0.35809643710263594	0.11510708797911376
0.35892193464500516	0.11670855321131005
0.35974933515574226	0.11831371020214
0.36057864302164233	0.11993256746198615
0.3614098626396132	0.1215615280264342
0.36224299841669855	0.12318627689672917
0.3630780547701013	0.12482298734939858
0.36391503612720705	0.12646347080932582
0.36475394692560775	0.1281177359741912
0.36559479161312486	0.12977579156172475
0.3664375746478332	0.1314363978027098
0.36728230049808464	0.1331089549862076
0.3681289736425314	0.1347879472850628
0.3689775985701503	0.13647564516889757
0.36982817978026616	0.138169795964927
0.370680721782576	0.139871443565152
0.3715352290971725	0.14158045819434503
0.37239170625456847	0.1433012466342283
0.3732501577957205	0.14502531874735544
0.3741105882720533	0.1467611765441066
0.37497300224548347	0.1484954645358766
0.37583740428844414	0.15025155666265716
0.3767037989839088	0.152005749927174
0.377572190925416	0.15376726948784863
0.37844258471709324	0.15554287282287022
0.3793149849736819	0.15732256934631103
0.38018939632056115	0.15911636849394473
0.381065823393773	0.16091559619117235
0.3819442708400465	0.16271631251369487
0.38282474331682265	0.16453546609899108
0.38370724549227875	0.1663569257140942
0.38459178204535355	0.16819090665433536
0.38547835766577176	0.17003498394480526
0.38636697705406914	0.17188331227246378
0.3872576449216172	0.17374105433539605
0.3881503659906482	0.17561576858036126
0.38904514499428056	0.17749480448798916
0.3899419866765434	0.1793781720207411
0.390840895792402	0.18127588116404417
0.3917418771077831	0.1831827794685001
0.3926449353995998	0.1851001617551436
0.3935500754557774	0.18702716147536363
0.3944573020752784	0.18896862644109574
0.3953666200681279	0.19091456694579367
0.39627803425543945	0.19287499330664037
0.3971915494694403	0.194843746853991
0.3981071705534972	0.1968214883955539
0.39902490236214205	0.19882428714946962
0.39994474976109745	0.20082955447919237
0.4008667176273028	0.20283944442752005
0.4017908108489399	0.20486978386766777
0.4027170343254591	0.2069074755160099
0.40364539296760493	0.2089527723880829
0.4045758916974427	0.2110184795683227
0.40550853544838383	0.21308911940437975
0.40644332916521275	0.21517419074677235
0.40738027780411273	0.21727182228121258
0.4083193863326921	0.21939181311188422
0.40926065973001086	0.22151909098982459
0.4102041029866068	0.22365535480946358
0.41114972110452225	0.2258113641183108
0.4120975190973302	0.22797429392385957
0.4130475019901614	0.23015925457737124
0.41399967481973043	0.23235924558177468
0.4149540426343629	0.23456337891172202
0.41591061049402206	0.23679261634613122
0.4168693834703354	0.23903435732058492
0.41783036664662176	0.24129305795309497
0.4187935651179184	0.24356868498064577
0.41975898399100753	0.24585638189859796
0.4207266283844441	0.24816390812266584
0.4216965034285822	0.2504916082285974
0.4226686142656029	0.2528280465227591
0.42364296604954105	0.2551888371608802
0.42461956394631284	0.2575741273079296
0.425598413133743	0.25997209630900786
0.4265795188015926	0.2623872066279497
0.42756288615158616	0.2648259576559337
0.42854852039743946	0.26728130099359865
0.42953642676488724	0.2697517954475159
0.4305266104917106	0.2722470584391107
0.4315190768277652	0.2747584551425236
0.4325138310350087	0.2772954074496222
0.43351087838752883	0.27985784867207386
0.4345102241715715	0.2824363783626544
0.43551187368556854	0.2850408715824782
0.43651583224016594	0.28766148046923473
0.437522105158252	0.29030835761778534
0.43853069777498566	0.2929816560814618
0.43954161543782444	0.2956815293733695
0.44055486350655326	0.29839813146769384
0.44157044735331247	0.3011530257480762
0.4425883723626265	0.3039321402735966
0.4436086439314325	0.30673768437212506
0.44463126746910864	0.30956492356412196
0.44565624839750323	0.312417495513009
0.4466835921509631	0.3152977298657159
0.4477133041763625	0.3182157838608695
0.4487453899331321	0.32115181520875785
0.4497798548932879	0.3241259820926692
0.4508167045414601	0.3271284431702343
0.4518559443749223	0.33015935757477316
0.45289757990362073	0.3332268365147173
0.45394161665020316	0.3363348499506094
0.45498806015004856	0.33946418045014565
0.4560369159512961	0.34263222449194003
0.45708818961487496	0.3458298602215173
0.4581418867145334	0.3490670110807627
0.4591980128368685	0.3523338397942923
0.4602565735813559	0.3556356410454575
0.4613175745603793	0.3589798871020061
0.46238102139926024	0.3623592684776327
0.46344691973628793	0.36577908155084704
0.4645152752227493	0.3692394917217077
0.4655860935229589	0.372732386755305
0.46665938031428855	0.37626595503715216
0.4677351412871981	0.3798453718992416
0.46881338214526513	0.38345923165099616
0.46989410860521535	0.3871199692577323
0.47097732639695283	0.39081245627757877
0.47206304126359044	0.3945693835972948
0.4731512589614804	0.3983594063651815
0.4742419852602446	0.4021966278212659
0.47533522594280525	0.4060734043563868
0.4764309868054156	0.4100015524994963
0.47752927365769077	0.4139765561139945
0.47863009232263826	0.41800873974730884
0.47973344863668904	0.42208375995574954
0.4808393484497285	0.4262091632019846
0.48194779762512724	0.43038267502298105
0.4830588020397726	0.4346057998327268
0.48417236758409926	0.4388922335779872
0.485288500162121	0.4432351506322719
0.4864072056914615	0.4476243904243584
0.4875284901033863	0.45207339061147744
0.4886523593428335	0.45657248455819077
0.48977881936844614	0.4611375830232603
0.490907876152603	0.46576229222567234
0.49203953568145087	0.47044525914846463
0.4931738039549358	0.4751899766107305
0.4943106869868354	0.47999731282418207
0.4954501908047902	0.48487681664450205
0.49659232145033605	0.4898125215234652
0.49773708497893593	0.4948131739073181
0.4988844874600122	0.49989481407165437
0.5000345349769785	0.5050354073964032
0.5011872336272722	0.5102437853403615
0.502342589522387	0.5155259118029802
0.5035006087879047	0.5208828369516362
0.5046612975635283	0.5263180985485831
0.505824662003114	0.531825391134823
0.5069907082747043	0.5374152138840746
0.5081594425605604	0.543078079695535
0.5093308710571953	0.5488178856014011
0.5105049999754062	0.5546549998770313
0.5116818355403077	0.5605664511231507
0.5128613839913648	0.566560286035788
0.514043651582426	0.5726469882286154
0.5152286445817564	0.578822670500039
0.5164163692720709	0.5850950845274173
0.5176068319505677	0.5914447558940542
0.5188000389289611	0.5979022117735484
0.5199959965335159	0.6044579809343374
0.5211947111050804	0.6111003821884504
0.5223961889991198	0.6178545059550357
0.5236004365857502	0.6247044972704912
0.5248074602497725	0.6316671202436852
0.5260172663907061	0.6387315263773519
0.5272298614228227	0.6459099740800233
0.5284452517751804	0.6531904156865863
0.5296634438916578	0.6606002766169455
0.5308844442309884	0.6681058653475079
0.5321082592667942	0.6757498681954672
0.5333348954876209	0.683509935301269
0.5345643593969717	0.6913870488923765
0.5357966575133416	0.6994042069869871
0.5370317963702527	0.7075517638258826
0.5382697825162883	0.7158283341597833
0.5395106225151276	0.7242424455531704
0.5407543229455808	0.7327850012423306
0.5420008904016238	0.7414662862354638
0.5432503314924332	0.7503123602261242
0.5445026528424212	0.7592992065791293
0.5457578610912709	0.7684327004099282
0.5470159628939716	0.7777190831890277
0.5482769649208536	0.7871738548016535
0.5495408738576245	0.7967747287037087
0.5508076964054033	0.8065638780340374
0.5520774392807573	0.8165033191035972
0.5533501092157366	0.8266308737258925
0.5546257129579106	0.8369358177365508
0.5559042572704035	0.8474191650535325
0.5571857489319297	0.8580902910282096
0.5584701947368307	0.8689560591577975
0.5597576014951101	0.8800208289476533
0.5610479760324704	0.8912821890857388
0.562341325190349	0.9027546206979126
0.5636376558259544	0.914435421132704
0.5649369748123024	0.9263389077694287
0.5662392890382533	0.938469316959581
0.567544605408547	0.9508264277057095
0.5688529308438414	0.9634163705683847
0.5701642722807474	0.9762530101337846
0.5714786366718669	0.9893363667186693
0.5727960309858292	1.002699119154041
0.5741164622073275	1.0163112069562061
0.5754399373371568	1.0301633357738622
0.5767664633922507	1.0442778046363075
0.5780960474057181	1.0586757309440429
0.579428696426881	1.0735013999810672
0.580764417521312	1.0884614762386948
0.5821032177708714	1.1037973261421083
0.5834451042737447	1.1193632095754389
0.5847900841444806	1.1353229929048716
0.5861381645140287	1.1516856070711499
0.5874893525297766	1.16836797136923
0.5888436553555889	1.1853300574804204
0.5902010801718443	1.2026140422339753
0.5915616341754739	1.2204135711162554
0.5929253245799998	1.2384993493719976
0.5942921586155726	1.2569733571717874
0.5956621435290104	1.275902438111947
0.5970352865838369	1.2953010694904838
0.5984115950603196	1.3150092878806658
0.5997910762555093	1.335149713330436
0.601173737483278	1.355840809745825
0.6025595860743577	1.3769176255451074
0.6039486293763798	1.3984986182715256
0.6053408747539135	1.4206539960626159
0.6067363295885053	1.443275805251487
0.6081350012787179	1.466441021226717
0.6095368972401691	1.4900346325309084
0.610942024905572	1.5142912333569536
0.6123503917247735	1.5391369727009672
0.6137620051647942	1.5644684939992537
0.6151768727098681	1.5905544578615727
0.6165950018614821	1.6171050353681589
0.6180164001384159	1.6444214427129507
0.6194410750767814	1.672345071504914
0.6208690342300636	1.7010544914472838
0.6223002851691595	1.7304059885523482
0.6237348354824193	1.7604785122272877
0.6251726927756858	1.7913301639548131
0.6266138646723354	1.8229277957258463
0.628058358813318	1.8553305809436496
0.6295061828571975	1.8886434422869833
0.6309573444801932	1.9226847986285993
0.6324118513762195	1.9576668033045121
0.6338697112569268	1.9935688391717852
0.6353309318517436	2.0304056690342884
0.6367955209079157	2.0681835436058083
0.6382634861905486	2.1069614299067037
0.6397348354826481	2.1467814593210877
0.6412095765851615	2.1877100597015553
0.6426877173170196	2.229706258730164
0.6441692655151772	2.2727764061462086
0.6456542290346554	2.317057716846594
0.6471426157485831	2.3625210882060763
0.6486344335482384	2.4092749868339802
0.6501296903430905	2.457227905184751
0.6516283940608426	2.506562682819975
0.6531305526474723	2.557191011073048
0.6546361740672749	2.6092660923546225
0.6561452663029054	2.662829586904593
0.6576578373554204	2.717839982150555
0.6591738952443212	2.7742732402353423
0.6606934480075959	2.8323057826947204
0.6622165037017619	2.8920168473301224
0.6637430704019087	2.9533172723978756
0.6652731562017413	3.016317929232787
0.666806769213622	3.0810297223430223
0.6683439175686146	3.1475635895053173
0.6698846094165264	3.215930501860381
0.6714288529259522	3.286141464008612
0.6729766562843177	3.3582028453629293
0.6745280276979219	3.4323565405794185
0.6760829753919817	3.508432174520687
0.677641507610675	3.5865885866222893
0.6792036326171845	3.666829622617031
0.6807693586937414	3.7492298825070436
0.6823386941416696	3.833892700135159
0.6839116472814293	3.9206699183037514
0.6854882264526615	4.009631262511173
0.6870684400142321	4.100924272836842
0.688652296344276	4.194637780656564
0.6902398038402419	4.290675995022804
0.6918309709189364	4.3889525853416345
0.6934258060165691	4.489681262653796
0.6950243175887968	4.5927855067895536
0.6966265141107687	4.698200536955042
0.6982324040771714	4.806056996432219
0.6998419960022735	4.916197724156872
0.7014552984199712	5.02876194908198
0.7030723198838335	5.1435781036824775
0.7046930689671469	5.260632648395154
0.7063175542629619	5.379899015459184
0.7079457843841379	5.501233828810346
0.7095777679633888	5.624625918810224
0.711213513653329	5.749840551306331
0.7128530301265195	5.876865743843215
0.7144963260755133	6.0054112295353415
0.716143410212902	6.135558088861836
0.7177942912713617	6.266784443454667
0.7194489780036994	6.399118240295954
0.7211074791828996	6.532241326305132
0.7227698036021702	6.665892209614488
0.72443596007499	6.799663998014196
0.7261059574351547	6.933555403325347
0.727779804536824	7.066916480223825
0.7294575102545687	7.199551808060013
0.7311390834834174	7.331120695009872
0.732824533138904	7.46115923844005
0.734513868157115	7.589340111783618
0.736207097494736	7.715300956113622
0.7379042301291009	7.8386237232694445
0.7396052750582377	7.9590271440533416
0.7413102413009174	8.076072311942013
0.7430191378967013	8.189547790864923
0.744731973905989	8.299267961296108
0.7464487584100664	8.405194759650023
0.7481695005111543	8.507197129544716
0.7498942093324558	8.605375722617522
0.7516228940182054	8.700336276983093
0.7533555637337173	8.79270265239353
0.7550922276654338	8.88339583860256
0.7568328950209743	8.974043699099052
0.7585775750291837	9.067051111599266
0.7603262769401817	9.165489317918578
0.7620790100254119	9.27410947370768
0.7638357835776907	9.400022492197719
0.7655966069112562	9.552983405596617
0.7673614893618189	9.74874157448264
0.7691304402866095	10.011366194901845
0.77090346906443	10.37983257546319
0.7726805850957023	10.91953882579265
0.7744617978025187	11.738370813360097
0.7762471166286916	13.030910732565072
0.778036551039804	15.028463864043944
0.7798301105232587	17.74759396360915
0.7816278045883296	19.777996020495674
0.7834296427662117	18.634047986446877
0.7852356346100717	15.215753933341425
0.7870457896950985	12.199931293322933
0.7888601176185543	10.241417907094844
0.790678627999825	9.017413281691477
0.7925013304804717	8.220548967120099
0.7943282347242815	7.672184147245663
0.7961593504173187	7.264840979707893
0.7979946872679765	6.944056412402193
0.7998342550070283	6.679109829058209
0.8016780633876791	6.455878837192262
0.8035261221856173	6.25633553706704
0.8053784411990665	6.073045333129426
0.8072350302488381	5.90173530180364
0.8090958991783822	5.739486929508869
0.8109610578538408	5.584677679126598
0.8128305161640992	5.435953635967441
0.8147042840208395	5.292337841632868
0.8165823713585924	5.153319839366195
0.8184647881347898	5.018493000056879
0.8203515443298182	4.887554367840437
0.8222426499470711	4.760236573503893
0.8241381150130023	4.636505393162652
0.8260379495771787	4.516039536299483
0.8279421637123341	4.399004879032552
0.8298507675144224	4.285074870151959
0.831763771102671	4.17431229292722
0.8336811846196343	4.066562372072262
0.8356030182312479	3.9618194300976097
0.8375292821268825	3.860083185827488
0.8394599865193975	3.7611246821184894
0.841395141645195	3.664938059385445
0.8433347577642754	3.5715324819733487
0.8452788451602898	3.4807731226266676
0.8472274141405964	3.392657329329399
0.8491804750363138	3.3070034784312448
0.8511380382023763	3.2237300031406693
0.8531001140175893	3.1429353708858723
0.8550667128846832	3.064471512343483
0.8570378452303695	2.9880770193381054
0.8590135215053956	2.914102408601443
0.8609937521846005	2.8421249213543813
0.8629785477669701	2.7722508281560447
0.8649679187756931	2.7045779291367107
0.8669618757582165	2.6386428502821424
0.8689604292863017	2.5746504345528667
0.8709635899560805	2.5125214293527214
0.8729713683881115	2.4523417693895215
0.874983775227436	2.393670518404357
0.8770008211436346	2.336777500664411
0.8790225168308843	2.2816965489323016
0.8810488730080139	2.2280390763932405
0.8830799004185627	2.175986509452221
0.8851156098308354	2.1254559981614496
0.8871560120379608	2.0762869134965327
0.8892011178579483	2.0285742892671887
0.8912509381337455	1.981829548684349
0.8933054837332951	1.9373237448541434
0.8953647655495938	1.8941128765684492
0.8974287945007484	1.8520383510848815
0.8994975815300351	1.811246918317318
0.9015711376059568	1.7715768405292038
0.9036494737223014	1.733079578254114
0.9057326008982001	1.6956597040120387
0.9078205301781856	1.659250986970844
0.9099132726322515	1.623939674304625
0.9120108393559097	1.5896244024342643
0.9141132414702502	1.5562334330640974
0.9162204901219997	1.523848550145605
0.9183325964835808	1.4924440913397206
0.9204495717531712	1.4619160811049687
0.9225714271547631	1.4322143052642686
0.9246981739382225	1.4033841040154629
0.9268298233793492	1.3754463313925913
0.9289663867799363	1.3483235265728037
0.9311078754678302	1.3220054943860373
0.933254300796991	1.2964501107549047
0.9354056741475518	1.2716753147179092
0.9375620069258802	1.2476179238153176
0.9397233105646378	1.2243329080148395
0.9418895965228413	1.2016481961624497
0.9440608762859233	1.1798034123979513
0.946237161365793	1.158570683161546
0.9484184633008971	1.138050137631747
0.9506047936562815	1.1181568570934668
0.9527961640236519	1.0989529893965937
0.9549925860214359	1.0802622774199382
0.9571940712948444	1.0622474296412452
0.9594006315159331	1.0448750741757216
0.9616122783836646	1.0279691399608821
0.9638290236239705	1.0117310299074123
0.9660508789898133	0.9959568998106952
0.9682778562612491	0.9807483630496312
0.9705099672454897	0.9660660102839567
0.9727472237769651	0.9519172125828165
0.9749896377173869	0.9382821736956786
0.9772372209558107	0.9251878405518792
0.9794899854086988	0.9126148799603307
0.9817479430199844	0.900605655156481
0.9840111057611337	0.8891760260008901
0.9862794856312105	0.8784199558090561
0.9885530946569389	0.8685335497693264
0.9908319448927676	0.8617362768273327
0.9931160484209338	0.8601130113261899
0.995405417351527	0.8668995201457569
0.9977000638225533	0.8874308424577028
1.	0.93033
1.0023052380778996	1.0122201991916817
1.0046157902783952	1.1627674411669324
1.0069316688518042	1.4454036785850766
1.0092528860766845	2.0088353065800972
1.0115794542598986	3.240556666653856
1.0139113857366795	6.425707786117703
1.0162486928706957	16.831705049599805
1.0185913880541169	45.4626033247607
1.02093948370768	33.13870968437105
1.023292992280754	14.504980566783177
1.0256519262514077	8.001846104511067
1.0280162981264735	5.304032752686115
1.030386120441616	3.9490831597203706
1.0327614057613974	3.163505032407174
1.035142166679344	2.6637297312136963
1.0375284158180127	2.3238264977649474
1.0399201658290593	2.0810733075453474
1.0423174293933042	1.9006131459205848
1.0447202192208	1.7623009512716754
1.0471285480508996	1.6538094971843744
1.0495424286523223	1.567059254586619
1.051961873823223	1.4968141563022686
1.0543868963912588	1.439165658670558
1.0568175092136585	1.3912848341541468
1.0592537251772889	1.3513941223406671
1.0616955571987248	1.317935979296069
1.064143018224316	1.289612610467115
1.0665961212302577	1.265654133173732
1.0690548792226577	1.2452829179078009
1.0715193052376062	1.2277764464793197
1.0739894123412446	1.212859290889031
1.0764652136298347	1.1998739318508265
1.0789467222298286	1.1886237666347197
1.0814339512979378	1.1785509850678357
1.0839269140212033	1.1694631095236683
1.0864256236170653	1.1610528797019781
1.0889300933334332	1.1531097199997005
1.0914403364487564	1.1452909233639794
1.0939563662720937	1.1376309011837191
1.0964781961431849	1.1300654115704454
1.0990058394325208	1.1226824817024375
1.1015393095414148	1.1151899332840385
1.104078619902073	1.1078641402937817
1.1066237839776663	1.1005534048625345
1.1091748152624008	1.0933105172652777
1.1117317272815912	1.0862511636115446
1.1142945335917298	1.0792753059431568
1.116863247780561	1.0724555557705417
1.1194378834671515	1.0659490796788365
1.1220184543019633	1.0596557096752883
1.1246049739669264	1.053669057272762
1.1271974561755103	1.0480655964138774
1.1297959146727976	1.0429081706544046
1.1324003632355568	1.0382793461759978
1.1350108156723149	1.0342826949242963
1.1376272858234306	1.0308472570118832
1.1402497875611686	1.0281001699510652
1.1428783347897715	1.026072999126137
1.1455129414455354	1.0246948234217859
1.1481536214968826	1.0238692757006236
1.1508003889444356	1.0237
1.153453257821092	1.0239906515642185
1.1561122421920986	1.024867345315259
1.158777356155126	1.0262109424620505
1.1614486138403426	1.0279588910722741
1.1641260294104911	1.030100823528393
1.1668096170609623	1.0326096170609622
1.1694993910198708	1.035499269223845
1.1721953655481303	1.0385344386577564
1.1748975549395295	1.0419565769153414
1.1776059735208073	1.0454483629291302
1.1803206356517295	1.0491488899124213
1.1830415557251646	1.0529581780152302
1.18576874816716	1.0568762474340239
1.1885022274370183	1.0607031184118256
1.1912420080273747	1.0645388112383245
1.193988104464273	1.0682833462499823
1.1967405313072434	1.072136743830141
1.1994993031493788	1.0758990244091304
1.2022644346174127	1.0797702084643779
1.2050359403717974	1.0836503165205162
1.20781383510678	1.087639369149492
1.2105981335504823	1.0917373869706752
1.213388850464977	1.0959443906509678
1.2161860006463678	1.1002976010341887
1.2189895989248665	1.1047833582797861
1.2217996601648717	1.1094794562637946
1.2246161992650486	1.1144091586770877
1.2274392311584073	1.119490616085133
1.2302687708123814	1.1248837874622866
1.233104833228909	1.1305306331035996
1.2359474334445104	1.136584353577923
1.238796586530369	1.1429118076728855
1.241652307592411	1.1495655382217866
1.244514611771385	1.1566379906056012
1.247383514242943	1.1639971370316515
1.2502590302177201	1.1716252846096165
1.2531411749414159	1.1795952898359645
1.2560299636948749	1.1876898910846245
1.258925411794167	1.1961762353825014
1.2618275345906707	1.204782603772012
1.2647363474711513	1.213509042413454
1.2676518658578455	1.2224555975735363
1.2705741052085415	1.2314371366673331
1.2735030810166617	1.240509859253317
1.2764388088113439	1.2497164264340317
1.2793813041575246	1.2589201733040787
1.2823305826560214	1.2680578644992684
1.2852866599436155	1.2771599798308464
1.2882495516931338	1.2861985654180281
1.2912192736135342	1.2951578208406025
1.294195841449986	1.3039875243499575
1.297179270983956	1.312737812951868
1.3001695780332903	1.3214087340998706
1.3031667784522993	1.3300669796664382
1.3061708881318415	1.338678486769156
1.309181922999407	1.3473093843983397
1.3121998990192032	1.3559597172537687
1.3152248321922384	1.3646744965767155
1.318256738556407	1.3734702156692211
1.3212956341865751	1.3823277757224106
1.3243415351946646	1.3913246055839936
1.3273944577297394	1.4004833731892186
1.330454417978091	1.409763253934273
1.333521432163324	1.4193642964899722
1.3365955165464423	1.4291056529486152
1.3396766874259352	1.4391007372481794
1.3427649611378638	1.449400867868737
1.3458603540559484	1.4599252037902244
1.3489628825916535	1.4706663773299529
1.3520725631942772	1.4815612274993974
1.355189412351036	1.4926818844637295
1.3583134465871542	1.5039910970311858
1.36144468246595	1.5154008568774204
1.3645831365889245	1.526915919037913
1.367728825595849	1.5385695372642265
1.3708817661648536	1.5502507114264434
1.3740419750125152	1.5620511100450545
1.3772094688939465	1.5737959817969966
1.3803842646028848	1.585583352570385
1.383566378971781	1.5973389642984115
1.3867558288718884	1.6090209839387983
1.3899526312133532	1.6206294723680719
1.3931568029453032	1.6322644906030914
1.3963683610559376	1.6437260998013754
1.399587322572618	1.655358864464756
1.4028137045619582	1.6703803000726158
1.406047524129914	1.6846091061716217
1.4092887984218747	1.6988707130562488
1.4125375446227544	1.7132651963401189
1.4157937799570817	1.7276338758197431
1.4190575216890922	1.7419530954320055
1.4223287871228198	1.756246663340407
1.425607593602188	1.770373411849627
1.4288939585111027	1.7844334174488514
1.432187899273543	1.798189176948881
1.4354894333536556	1.8117577334146227
1.4387985782558452	1.824994313023381
1.4421153515248684	1.8379383357944998
1.4454397707459272	1.8503831746853379
1.4487718535447613	1.8623786727611409
1.452111617587742	1.8737794997983228
1.4554590805819658	1.8846690578622907
1.4588142602753482	1.8950427808260446
1.462177174456718	1.9048960884788106
1.4655478409559113	1.9143339546765514
1.4689262776438665	1.9234083218740528
1.4723125024327186	1.9321500058385248
1.4757065332758943	1.9405956798621462
1.4791083881682072	1.9425601316036971
1.4825180851459534	2.0176821282768738
1.4859356422870067	2.0699475058476993
1.489361077710915	2.1190828724106257
1.492794409578996	2.16405067877955
1.4962356560944332	2.2036979546009925
1.4996848355023733	2.23708958532041
1.503141966090022	2.2632085829761417
1.5066070661867417	2.2823710912216635
1.5100801541641482	2.295324431659615
1.513561248436208	2.3026734981234496
1.5170503674593365	2.3052
1.5205475297324955	2.3035524702675043
1.524052753797291	2.2985944924054182
1.5275660582380723	2.2909282485810123
1.53108746168203	2.2813376149539097
1.5346169827992941	2.2705490516021176
1.5381546403030346	2.259436079090896
1.5417004529495593	2.248738731741234
1.5452544395384138	2.239138457200124
1.5488166189124812	2.231630085957534
1.552387009958082	2.2267903920335343
1.5559656316050743	2.224906873678985
1.5595525028269535	2.2259315016961723
1.5631476426409538	2.2296066996973356
1.5667510701081488	2.235852354237928
1.5703628043335522	2.244543291267236
1.5739828644662193	2.2554451662919015
1.5776112696993485	2.2685228248575244
1.581248039270383	2.2835913727896853
1.5848931924611134	2.3003873238133443
1.5885467485977787	2.3189430927084493
1.59220872705117	2.3389106168967855
1.5958791472367324	2.360274883420394
1.5995580286146687	2.38277138313388
1.6032453906900415	2.406319578554274
1.6069412530128773	2.4306005204875656
1.6106456351782703	2.455190319212238
1.6143585568264862	2.4799664750548085
1.6180800376430657	2.5043282484442333
1.6218100973589298	2.5282226036253643
1.6255487557504837	2.551182783352806
1.6292960326397223	2.5727985762545007
1.6330519478943342	2.5927701290505376
1.6368165214278085	2.610855998567919
1.6405897731995391	2.6265411381582484
1.6443717232149315	2.6394895142877806
1.6481623915255081	2.6493572613561183
1.651961798229015	2.655854157874818
1.655769963469528	2.658907985387811
1.6595869074375604	2.6589652370249754
1.6634126503701694	2.6563873496298305
1.6672472125510627	2.6516539024285124
1.6710906143107076	2.6451368942407267
1.6749428760264373	2.637325672741838
1.6788040181225603	2.6286703565058556
1.6826740610704674	2.6194822534308786
1.686553025388741	2.6103727390670217
1.690440931643264	2.601629950384819
1.6943378004473284	2.5938919591948086
1.6982436524617444	2.5875588865535577
1.7021585083949504	2.5830414916050497
1.7060823890031234	2.5803670443987508
1.7100153150902875	2.5794
1.7139573075084253	2.579791461501685
1.717908387157588	2.581245032294553
1.721868574986007	2.5833211449916043
1.7258378919902035	2.585902735194122
1.7298163592151015	2.5885898155290605
1.733803997754138	2.590982398652483
1.7378008287493754	2.59292033149975
1.741806873391614	2.5939
1.7458221529205038	2.5937355694158994
1.7498466886246569	2.5919919868252057
1.7538805018417611	2.588519498158239
1.7579236139586927	2.5830222176660915
1.7619760464116292	2.5757479071767415
1.7660378206861644	2.5666016662159725
1.770108958317421	2.555673125047737
1.7741894808901657	2.5428557649734365
1.7782794100389228	2.528338241852093
1.7823787674480895	2.5120091767180237
1.7864875748520508	2.493957155680566
1.7906058540352943	2.4740707298235285
1.7947336268325265	2.452638415104357
1.7988709151287878	2.4293745092272725
1.803017740859569	2.4044900066706725
1.807174126010927	2.3781507683278815
1.8113400926196026	2.350487370186703
1.8155156627731355	2.321790360588051
1.8197008586099834	2.292153818008119
1.823895702319638	2.2619509432986065
1.8281002161427427	2.231358400543705
1.8323144223712116	2.2005361589272767
1.8365383433483464	2.169823927891906
1.840772001468956	2.1393959897173085
1.8450154191794736	2.109495149579579
1.8492686189780783	2.080427114744683
1.8535316234148114	2.052397610145207
1.8578044550916986	2.0255732694498088
1.8620871366628675	2.000194607355369
1.86637969083467	1.9764496694927827
1.8706821403658007	1.9545257262441567
1.8749945080674189	1.934724164503357
1.8793168168032686	1.9170960961475794
1.8836490894898006	1.902022913632638
1.8879913490962936	1.8895224923496363
1.8923436186449756	1.879981486439044
1.8967059212111463	1.8734940787888537
1.9010782799233001	1.87038434401534
1.9054607179632472	1.8707764307779484
1.9098532585662382	1.8746945619927335
1.914255925021086	1.8822118500421718
1.9186687406702891	1.8933062220108672
1.9230917289101581	1.9081485698586007
1.9275249131909356	1.9267146006783036
1.9319683170169237	1.9490289118913884
1.936421963946607	1.9751005692582837
1.9408858775927778	2.0049783186679995
1.9453600816226624	2.038780652981299
1.949844599758045	2.0764324778707954
1.9543394557753944	2.117690884288708
1.9588446735059895	2.1605399309563005
1.9633602768360463	2.202342491524416
1.9678862897068445	2.2405130597133875
1.9724227361148534	2.272436416689121
1.9769696401118604	2.2955785604474412
1.9815270258050979	2.307127025805098
1.9860949173573712	2.304353214870835
1.9906733389871865	2.2844906304820065
1.9952623149688793	2.244714535342329
1.9998618696327437	2.182337711949552
2.004472027365161	2.1801
2.0090928126087277	2.1801
2.013724249862388	2.1801
2.0183663636815607	2.1801
2.0230191786782714	2.1801
2.0276827195212817	2.1801
2.0323570109362215	2.1801
2.037042077705718	2.1801
2.041737944669529	2.1801
2.046444636724674	2.1801
2.051162178825565	2.1801
2.0558905959841414	2.1801
2.06062991327	2.1801
2.065380155810529	2.1801
2.070141348791042	2.1801
2.0749135174549096	2.1801
2.0796966871036955	2.1801
2.084490883097289	2.1801
2.089296130854039	2.1801
2.0941124558508926	2.1801
2.098939883623524	2.1801
2.1037784397664754	2.1801
2.1086281499332893	2.1801
2.1134890398366464	2.1801
2.1183611352485014	2.1801
2.123244462000219	2.1801
2.128139045982712	2.1801
2.133044913146576	2.1801
2.1379620895022318	2.1801
2.1428906011200586	2.1801
2.147830474130534	2.1801
2.1527817347243725	2.1801
2.157744409152666	2.1801
2.16271852372702	2.1801
2.1677041048196948	2.1801
2.1727011788637443	2.1801
2.1777097723531584	2.1801
2.1827299118430012	2.1801
2.1877616239495525	2.1801
2.1928049353504484	2.1801
2.1978598727848246	2.1801
2.202926463053456	2.1801
2.2080047330188997	2.1801
2.2130947096056377	2.1801
2.218196419800219	2.1801
2.223309890651403	2.1801
2.2284351492703034	2.1801
2.2335722228305315	2.1801
2.2387211385683394	2.1801
2.2438819237827663	2.1801
2.2490546058357808	2.1801
2.254239212152429	2.1801
2.2594357702209775	2.1801
2.2646443075930596	2.1801
2.269864851883822	2.1801
2.2750974307720706	2.1801
2.280342072000418	2.1801
2.28559880337543	2.1801
2.290867652767773	2.1801
2.296148648112362	2.1801
2.3014418174085085	2.1801
2.306747188720069	2.1801
2.3120647901755946	2.1801
2.3173946499684783	2.1801
2.322736796357107	2.1801
2.328091257665008	2.1801
2.333458062281003	2.1801
2.338837238659355	2.1801
2.344228815319922	2.1801
2.3496328208483073	2.1801
2.3550492838960095	2.1801
2.360478233180577	2.1801
2.3659196974857584	2.1801
2.371373705661655	2.1801
2.3768402866248763	2.1801
2.38231946935869	2.1801
2.3878112829131775	2.1801
2.3933157564053875	2.1801
2.3988329190194904	2.1801
2.4043628000069335	2.1801
2.409905428686595	2.1801
2.41546083444494	2.1801
2.4210290467361784	2.1801
2.4266100950824154	2.1801
2.4322040090738155	2.1801
2.4378108183687526	2.1801
2.443430552693972	2.1801
2.4490632418447453	2.1801
2.4547089156850306	2.1801
2.4603676041476272	2.1801
2.4660393372343394	2.1801
2.4717241450161302	2.1801
2.4774220576332855	2.1801
2.4831331052955705	2.1801
2.488857318282391	2.1801
2.494594726942955	2.1801
2.5003453616964313	2.1801
2.506109253032114	2.1801
2.51188643150958	2.1801
2.5176769277588558	2.1801
2.523480772480575	2.1801
2.529297996446145	2.1801
2.535128630497908	2.1801
2.540972705549305	2.1801
2.5468302525850413	2.1801
2.552701302661247	2.1801
2.5585858869056457	2.1801
2.5644840365177175	2.1801
2.5703957827688635	2.1801
2.576321157002575	2.1801
2.582260190634596	2.1801
2.588212915153091	2.1801
2.5941793621188136	2.1801
2.6001595631652714	2.1801
2.6061535499988953	2.1801
2.612161354399206	2.1801
2.6181830082189848	2.1801
2.6242185433844414	2.1801
2.6302679918953813	2.1801
2.6363313858253794	2.1801
2.642408757321946	2.1801
2.6485001386067	2.1801
2.654605561975539	2.1801
2.6607250597988092	2.1801
2.666858664521479	2.1801
2.6730064086633107	2.1801
2.6791683248190314	2.1801
2.685344445658507	2.1801
2.691534803926915	2.1801
2.6977394324449198	2.1801
2.703958364108843	2.1801
2.7101916318908423	2.1801
2.7164392688390824	2.1801
2.722701308077912	2.1801
2.7289777828080406	2.1801
2.7352687263067117	2.1801
2.741574171927882	2.1801
2.7478941531023966	2.1801
2.7542287033381663	2.1801
2.7605778562203453	2.1801
2.7669416454115114	2.1801
2.77332010465184	2.1801
2.7797132677592886	2.1801
2.78612116862977	2.1801
2.792543841237338	2.1801
2.7989813196343625	2.1801
2.805433637951713	2.1801
2.8119008303989403	2.1801
2.8183829312644537	2.1801
2.8248799749157074	2.1801
2.831391995799379	2.1801
2.8379190284415565	2.1801
2.8444611074479154	2.1801
2.85101826750391	2.1801
2.8575905433749464	2.1801
2.8641779699065815	2.1801
2.8707805820246906	2.1801
2.8773984147356697	2.1801
2.8840315031266055	2.1801
2.8906798823654762	2.1801
2.897343587701323	2.1801
2.904022654464451	2.1801
2.910717118066605	2.1801
2.9174270140011673	2.1801
2.924152377843335	2.1801
2.9308932452503216	2.1801
2.9376496519615305	2.1801
2.9444216337987617	2.1801
2.9512092266663856	2.1801
2.9580124665515464	2.1801
2.9648313895243423	2.1801
2.971666031738027	2.1801
2.9785164294291895	2.1801
2.9853826189179586	2.1801
2.992264636608189	2.1801
2.99916251898765	2.1801
3.0060763026282307	2.1801
3.0130060241861205	2.1801
3.019951720402016	2.1801
3.0269134281013046	2.1801
3.0338911841942706	2.1801
3.0408850256762783	2.1801
3.047894989627983	2.1801
3.0549211132155123	2.1801
3.061963433690677	2.1801
3.0690219883911567	2.1801
3.076096814740708	2.1801
3.0831879502493535	2.1801
3.0902954325135905	2.1801
3.0974192992165794	2.1801
3.1045595881283554	2.1801
3.111716337106017	2.1801
3.118889584093937	2.1801
3.126079367123954	2.1801
3.1332857243155856	2.1801
3.1405086938762166	2.1801
3.1477483141013156	2.1801
3.1550046233746256	2.1801
3.1622776601683795	2.1801
3.16956746304349	2.1801
3.1768740706497707	2.1801
3.184197521726124	2.1801
3.1915378551007616	2.1801
3.198895109691397	2.1801
3.206269324505466	2.1801
3.2136605386403168	2.1801
3.2210687912834346	2.1801
3.2284941217126346	2.1801
3.2359365692962827	2.1801
3.2433961734934917	2.1801
3.2508729738543436	2.1801
3.2583670100200868	2.1801
3.265878321723358	2.1801
3.2734069487883812	2.1801
3.2809529311311905	2.1801
3.2885163087598297	2.1801
3.2960971217745776	2.1801
3.3036954103681473	2.1801
3.311311214825911	2.1801
3.3189445755261033	2.1801
3.326595532940045	2.1801
3.334264127632349	2.1801
3.3419504002611427	2.1801
3.3496543915782757	2.1801
3.3573761424295467	2.1801
3.3651156937549067	2.1801
3.372873086588689	2.1801
3.3806483620598153	2.1801
3.3884415613920256	2.1801
3.3962527259040836	2.1801
3.404081897010009	2.1801
3.4119291162192846	2.1801
3.4197944251370886	2.1801
3.427677865464503	2.1801
3.4355794789987466	2.1801
3.443499307633384	2.1801
3.451437393358563	2.1801
3.459393778261219	2.1801
3.4673685045253166	2.1801
3.4753616144320576	2.1801
3.483373150360118	2.1801
3.4914031547858606	2.1801
3.499451670283573	2.1801
3.5075187395256795	2.1801
3.5156044052829816	2.1801
3.523708710424871	2.1801
3.53183169791957	2.1801
3.5399734108343464	2.1801
3.548133892335755	2.1801
3.5563131856898527	2.1801
3.5645113342624426	2.1801
3.5727283815192883	2.1801
3.5809643710263606	2.1801
3.5892193464500517	2.1801
3.5974933515574232	2.1801
3.6057864302164235	2.1801
3.6140986263961334	2.1801
3.6224299841669856	2.1801
3.630780547701014	2.1801
3.639150361272071	2.1801
3.6475394692560785	2.1801
3.6559479161312485	2.1801
3.664375746478333	2.1801
3.672823004980846	2.1801
3.681289736425315	2.1801
3.6897759857015027	2.1801
3.6982817978026628	2.1801
3.7068072178257596	2.1801
3.715352290971726	2.1801
3.7239170625456848	2.1801
3.732501577957206	2.1801
3.741105882720533	2.1801
3.7497300224548358	2.1801
3.758374042884441	2.1801
3.767037989839089	2.1801
3.77572190925416	2.1801
3.7844258471709336	2.1801
3.793149849736819	2.1801
3.801893963205613	2.1801
3.81065823393773	2.1801
3.8194427084004663	2.1801
3.8282474331682264	2.1801
3.8370724549227884	2.1801
3.8459178204535354	2.1801
3.8547835766577188	2.1801
3.8636697705406915	2.1801
3.8725764492161727	2.1801
3.8815036599064823	2.1801
3.8904514499428067	2.1801
3.899419866765434	2.1801
3.908408957924021	2.1801
3.9174187710778305	2.1801
3.926449353995999	2.1801
3.9355007545577743	2.1801
3.944573020752785	2.1801
3.953666200681279	2.1801
3.9627803425543955	2.1801
3.971915494694403	2.1801
3.981071705534973	2.1801
3.9902490236214203	2.1801
3.9994474976109755	2.1801
4.008667176273028	2.1801
4.017908108489398	2.1801
4.027170343254591	2.1801
4.036453929676049	2.1801
4.045758916974426	2.1801
4.055085354483837	2.1801
4.0644332916521275	2.1801
4.073802778041126	2.1801
4.083193863326921	2.1801
4.092606597300107	2.1801
4.1020410298660686	2.1801
4.111497211045221	2.1801
4.120975190973302	2.1801
4.1304750199016125	2.1801
4.139996748197304	2.1801
4.149540426343628	2.1801
4.1591061049402205	2.1801
4.168693834703353	2.1801
4.178303666466218	2.1801
4.187935651179182	2.1801
4.1975898399100755	2.1801
4.20726628384444	2.1801
4.216965034285822	2.1801
4.226686142656028	2.1801
4.2364296604954115	2.1801
4.246195639463128	2.1801
4.2559841313374305	2.1801
4.265795188015925	2.1801
4.275628861515862	2.1801
4.285485203974394	2.1801
4.295364267648873	2.1801
4.305266104917106	2.1801
4.3151907682776525	2.1801
4.325138310350086	2.1801
4.335108783875289	2.1801
4.345102241715714	2.1801
4.355118736855686	2.1801
4.365158322401658	2.1801
4.375221051582521	2.1801
4.385306977749856	2.1801
4.395416154378245	2.1801
4.405548635065532	2.1801
4.4157044735331255	2.1801
4.4258837236262645	2.1801
4.436086439314326	2.1801
4.446312674691086	2.1801
4.456562483975033	2.1801
4.46683592150963	2.1801
4.477133041763626	2.1801
4.487453899331321	2.1801
4.49779854893288	2.1801
4.5081670454146	2.1801
4.518559443749224	2.1801
4.528975799036207	2.1801
4.539416166502032	2.1801
4.549880601500485	2.1801
4.560369159512962	2.1801
4.57088189614875	2.1801
4.581418867145335	2.1801
4.591980128368685	2.1801
4.6025657358135605	2.1801
4.613175745603793	2.1801
4.623810213992603	2.1801
4.634469197362879	2.1801
4.645152752227495	2.1801
4.6558609352295885	2.1801
4.666593803142887	2.1801
4.677351412871981	2.1801
4.688133821452653	2.1801
4.698941086052153	2.1801
4.709773263969529	2.1801
4.720630412635905	2.1801
4.731512589614805	2.1801
4.7424198526024455	2.1801
4.753352259428054	2.1801
4.7643098680541565	2.1801
4.775292736576909	2.1801
4.786300923226383	2.1801
4.797334486366892	2.1801
4.808393484497285	2.1801
4.819477976251274	2.1801
4.830588020397726	2.1801
4.841723675840994	2.1801
4.8528850016212095	2.1801
4.864072056914616	2.1801
4.875284901033862	2.1801
4.886523593428336	2.1801
4.897788193684462	2.1801
4.909078761526032	2.1801
4.920395356814509	2.1801
4.9317380395493595	2.1801
4.943106869868354	2.1801
4.954501908047903	2.1801
4.96592321450336	2.1801
4.97737084978936	2.1801
4.9888448746001215	2.1801
5.000345349769786	2.1801
5.011872336272722	2.1801
5.0234258952238715	2.1801
5.035006087879047	2.1801
5.046612975635284	2.1801
5.05824662003114	2.1801
5.0699070827470445	2.1801
5.081594425605605	2.1801
5.093308710571955	2.1801
5.105049999754062	2.1801
5.116818355403078	2.1801
5.1286138399136485	2.1801
5.140436515824262	2.1801
5.152286445817564	2.1801
5.16416369272071	2.1801
5.176068319505676	2.1801
5.188000389289612	2.1801
5.199959965335159	2.1801
5.211947111050805	2.1801
5.223961889991197	2.1801
5.236004365857504	2.1801
5.248074602497725	2.1801
5.2601726639070625	2.1801
5.2722986142282275	2.1801
5.284452517751805	2.1801
5.296634438916578	2.1801
5.308844442309884	2.1801
5.321082592667942	2.1801
5.333348954876211	2.1801
5.345643593969716	2.1801
5.357966575133418	2.1801
5.370317963702527	2.1801
5.382697825162881	2.1801
5.3951062251512765	2.1801
5.407543229455807	2.1801
5.420008904016238	2.1801
5.432503314924331	2.1801
5.445026528424211	2.1801
5.457578610912708	2.1801
5.470159628939716	2.1801
5.482769649208536	2.1801
5.495408738576246	2.1801
5.508076964054033	2.1801
5.520774392807573	2.1801
5.5335010921573655	2.1801
5.546257129579107	2.1801
5.559042572704034	2.1801
5.5718574893192985	2.1801
5.584701947368306	2.1801
5.597576014951102	2.1801
5.610479760324703	2.1801
5.623413251903491	2.1801
5.636376558259543	2.1801
5.649369748123025	2.1801
5.662392890382532	2.1801
5.675446054085471	2.1801
5.688529308438413	2.1801
5.701642722807475	2.1801
5.714786366718669	2.1801
5.727960309858292	2.1801
5.741164622073274	2.1801
5.7543993733715695	2.1801
5.767664633922506	2.1801
5.780960474057181	2.1801
5.794286964268809	2.1801
5.807644175213121	2.1801
5.821032177708712	2.1801
5.834451042737448	2.1801
5.847900841444806	2.1801
5.861381645140288	2.1801
5.874893525297765	2.1801
5.88843655355589	2.1801
5.902010801718442	2.1801
5.91561634175474	2.1801
5.9292532457999965	2.1801
5.942921586155727	2.1801
5.956621435290104	2.1801
5.970352865838369	2.1801
5.984115950603195	2.1801
5.997910762555095	2.1801
6.011737374832779	2.1801
6.025595860743578	2.1801
6.039486293763797	2.1801
6.0534087475391365	2.1801
6.067363295885053	2.1801
6.08135001278718	2.1801
6.09536897240169	2.1801
6.109420249055721	2.1801
6.123503917247733	2.1801
6.137620051647943	2.1801
6.1517687270986805	2.1801
6.165950018614822	2.1801
6.180164001384158	2.1801
6.1944107507678146	2.1801
6.208690342300634	2.1801
6.223002851691596	2.1801
6.237348354824191	2.1801
6.251726927756859	2.1801
6.266138646723353	2.1801
6.2805835881331795	2.1801
6.295061828571975	2.1801
6.309573444801933	2.1801
6.324118513762193	2.1801
6.33869711256927	2.1801
6.353309318517436	2.1801
6.367955209079159	2.1801
6.382634861905486	2.1801
6.397348354826482	2.1801
6.412095765851615	2.1801
6.4268771731701975	2.1801
6.441692655151772	2.1801
6.456542290346556	2.1801
6.471426157485831	2.1801
6.486344335482385	2.1801
6.501296903430906	2.1801
6.516283940608428	2.1801
6.531305526474723	2.1801
6.546361740672751	2.1801
6.561452663029053	2.1801
6.576578373554206	2.1801
6.591738952443213	2.1801
6.606934480075961	2.1801
6.622165037017619	2.1801
6.637430704019089	2.1801
6.652731562017413	2.1801
6.668067692136222	2.1801
6.6834391756861455	2.1801
6.698846094165265	2.1801
6.714288529259523	2.1801
6.729766562843179	2.1801
6.745280276979219	2.1801
6.760829753919819	2.1801
6.77641507610675	2.1801
6.792036326171846	2.1801
6.807693586937414	2.1801
6.823386941416698	2.1801
6.839116472814292	2.1801
6.8548822645266165	2.1801
6.870684400142321	2.1801
6.886522963442762	2.1801
6.902398038402419	2.1801
6.918309709189366	2.1801
6.934258060165691	2.1801
6.9502431758879695	2.1801
6.966265141107686	2.1801
6.982324040771715	2.1801
6.998419960022734	2.1801
7.014552984199714	2.1801
7.030723198838334	2.1801
7.046930689671471	2.1801
7.06317554262962	2.1801
7.07945784384138	2.1801
7.095777679633888	2.1801
7.112135136533292	2.1801
7.128530301265195	2.1801
7.1449632607551345	2.1801
7.16143410212902	2.1801
7.177942912713619	2.1801
7.194489780036995	2.1801
7.211074791828994	2.1801
7.227698036021702	2.1801
7.244359600749899	2.1801
7.261059574351547	2.1801
7.277798045368239	2.1801
7.294575102545687	2.1801
7.311390834834173	2.1801
7.3282453313890406	2.1801
7.3451386815711475	2.1801
7.362070974947361	2.1801
7.379042301291007	2.1801
7.396052750582378	2.1801
7.413102413009173	2.1801
7.430191378967014	2.1801
7.447319739059888	2.1801
7.464487584100665	2.1801
7.481695005111542	2.1801
7.498942093324558	2.1801
7.516228940182053	2.1801
7.533555637337174	2.1801
7.550922276654338	2.1801
7.568328950209744	2.1801
7.585775750291836	2.1801
7.603262769401819	2.1801
7.620790100254118	2.1801
7.638357835776907	2.1801
7.655966069112561	2.1801
7.67361489361819	2.1801
7.691304402866094	2.1801
7.709034690644301	2.1801
7.726805850957021	2.1801
7.744617978025188	2.1801
7.7624711662869155	2.1801
7.78036551039804	2.1801
7.798301105232586	2.1801
7.816278045883297	2.1801
7.834296427662116	2.1801
7.852356346100718	2.1801
7.870457896950985	2.1801
7.888601176185544	2.1801
7.90678627999825	2.1801
7.925013304804718	2.1801
7.943282347242813	2.1801
7.961593504173188	2.1801
7.979946872679765	2.1801
7.9983425500702845	2.1801
8.01678063387679	2.1801
8.035261221856173	2.1801
8.053784411990664	2.1801
8.072350302488383	2.1801
8.090958991783822	2.1801
8.109610578538408	2.1801
8.128305161640991	2.1801
8.147042840208396	2.1801
8.165823713585922	2.1801
8.1846478813479	2.1801
8.203515443298182	2.1801
8.222426499470712	2.1801
8.241381150130021	2.1801
8.260379495771788	2.1801
8.27942163712334	2.1801
8.298507675144226	2.1801
8.317637711026709	2.1801
8.336811846196344	2.1801
8.356030182312479	2.1801
8.375292821268827	2.1801
8.394599865193973	2.1801
8.413951416451951	2.1801
8.433347577642753	2.1801
8.452788451602899	2.1801
8.472274141405963	2.1801
8.491804750363139	2.1801
8.511380382023763	2.1801
8.531001140175896	2.1801
8.550667128846833	2.1801
8.570378452303697	2.1801
8.590135215053957	2.1801
8.609937521846007	2.1801
8.629785477669701	2.1801
8.649679187756934	2.1801
8.669618757582166	2.1801
8.689604292863018	2.1801
8.709635899560805	2.1801
8.729713683881117	2.1801
8.74983775227436	2.1801
8.770008211436348	2.1801
8.790225168308842	2.1801
8.810488730080142	2.1801
8.830799004185627	2.1801
8.851156098308357	2.1801
8.871560120379607	2.1801
8.892011178579486	2.1801
8.912509381337454	2.1801
8.933054837332953	2.1801
8.953647655495937	2.1801
8.974287945007486	2.1801
8.994975815300352	2.1801
9.01571137605957	2.1801
9.036494737223014	2.1801
9.057326008982002	2.1801
9.078205301781857	2.1801
9.099132726322518	2.1801
9.120108393559097	2.1801
9.141132414702504	2.1801
9.162204901219997	2.1801
9.183325964835811	2.1801
9.204495717531712	2.1801
9.225714271547634	2.1801
9.246981739382225	2.1801
9.268298233793494	2.1801
9.289663867799362	2.1801
9.311078754678306	2.1801
9.33254300796991	2.1801
9.354056741475521	2.1801
9.375620069258803	2.1801
9.39723310564638	2.1801
9.418895965228414	2.1801
9.440608762859236	2.1801
9.462371613657929	2.1801
9.484184633008974	2.1801
9.506047936562814	2.1801
9.527961640236521	2.1801
9.549925860214358	2.1801
9.571940712948447	2.1801
9.594006315159332	2.1801
9.616122783836648	2.1801
9.638290236239705	2.1801
9.660508789898136	2.1801
9.68277856261249	2.1801
9.705099672454894	2.1801
9.727472237769652	2.1801
9.749896377173867	2.1801
9.772372209558107	2.1801
9.794899854086987	2.1801
9.817479430199844	2.1801
9.840111057611335	2.1801
9.862794856312105	2.1801
9.885530946569386	2.1801
9.908319448927676	2.1801
9.931160484209336	2.1801
9.954054173515269	2.1801
9.977000638225531	2.1801
10.	2.1801
10.023052380778994	2.1801
10.046157902783952	2.1801
10.06931668851804	2.1801
10.092528860766844	2.1801
10.115794542598982	2.1801
10.139113857366794	2.1801
10.162486928706954	2.1801
10.18591388054117	2.1801
10.209394837076797	2.1801
10.232929922807541	2.1801
10.256519262514074	2.1801
10.280162981264736	2.1801
10.303861204416158	2.1801
10.327614057613975	2.1801
10.351421666793437	2.1801
10.375284158180126	2.1801
10.39920165829059	2.1801
10.423174293933041	2.1801
10.447202192207998	2.1801
10.471285480508996	2.1801
10.495424286523221	2.1801
10.519618738232229	2.1801
10.543868963912587	2.1801
10.568175092136585	2.1801
10.592537251772887	2.1801
10.616955571987248	2.1801
10.641430182243159	2.1801
10.665961212302578	2.1801
10.690548792226577	2.1801
10.715193052376065	2.1801
10.739894123412446	2.1801
10.76465213629835	2.1801
10.789467222298287	2.1801
10.81433951297938	2.1801
10.839269140212034	2.1801
10.864256236170656	2.1801
10.889300933334333	2.1801
10.914403364487566	2.1801
10.939563662720936	2.1801
10.964781961431852	2.1801
10.990058394325208	2.1801
11.01539309541415	2.1801
11.04078619902073	2.1801
11.066237839776663	2.1801
11.091748152624008	2.1801
11.117317272815914	2.1801
11.142945335917299	2.1801
11.168632477805613	2.1801
11.194378834671515	2.1801
11.220184543019636	2.1801
11.246049739669262	2.1801
11.271974561755105	2.1801
11.297959146727976	2.1801
11.324003632355572	2.1801
11.350108156723149	2.1801
11.37627285823431	2.1801
11.402497875611685	2.1801
11.428783347897719	2.1801
11.455129414455355	2.1801
11.481536214968829	2.1801
11.508003889444357	2.1801
11.534532578210923	2.1801
11.561122421920986	2.1801
11.587773561551263	2.1801
11.614486138403427	2.1801
11.641260294104914	2.1801
11.668096170609624	2.1801
11.694993910198711	2.1801
11.721953655481304	2.1801
11.748975549395297	2.1801
11.776059735208072	2.1801
11.803206356517299	2.1801
11.830415557251646	2.1801
11.857687481671602	2.1801
11.885022274370183	2.1801
11.91242008027375	2.1801
11.93988104464273	2.1801
11.967405313072437	2.1801
11.994993031493788	2.1801
12.02264434617413	2.1801
12.050359403717973	2.1801
12.078138351067803	2.1801
12.105981335504822	2.1801
12.133888504649775	2.1801
12.161860006463678	2.1801
12.189895989248667	2.1801
12.217996601648716	2.1801
12.246161992650489	2.1801
12.274392311584071	2.1801
12.302687708123818	2.1801
12.33104833228909	2.1801
12.359474334445107	2.1801
12.387965865303691	2.1801
12.416523075924113	2.1801
12.44514611771385	2.1801
12.473835142429433	2.1801
12.5025903021772	2.1801
12.531411749414161	2.1801
12.560299636948749	2.1801
12.589254117941675	2.1801
12.618275345906707	2.1801
12.647363474711517	2.1801
12.676518658578456	2.1801
12.705741052085418	2.1801
12.735030810166617	2.1801
12.76438808811344	2.1801
12.793813041575246	2.1801
12.823305826560219	2.1801
12.852866599436155	2.1801
12.882495516931343	2.1801
12.91219273613534	2.1801
12.941958414499863	2.1801
12.971792709839558	2.1801
13.001695780332906	2.1801
13.031667784522993	2.1801
13.061708881318411	2.1801
13.09181922999407	2.1801
13.121998990192028	2.1801
13.152248321922384	2.1801
13.182567385564068	2.1801
13.212956341865752	2.1801
13.243415351946643	2.1801
13.273944577297396	2.1801
13.304544179780907	2.1801
13.33521432163324	2.1801
13.365955165464419	2.1801
13.39676687425935	2.1801
13.427649611378635	2.1801
13.458603540559483	2.1801
13.489628825916533	2.1801
13.520725631942772	2.1801
13.551894123510356	2.1801
13.583134465871542	2.1801
13.614446824659497	2.1801
13.645831365889245	2.1801
13.677288255958487	2.1801
13.708817661648537	2.1801
13.740419750125149	2.1801
13.772094688939466	2.1801
13.803842646028846	2.1801
13.83566378971781	2.1801
13.867558288718882	2.1801
13.899526312133533	2.1801
13.931568029453029	2.1801
13.963683610559377	2.1801
13.995873225726179	2.1801
14.028137045619582	2.1801
14.060475241299136	2.1801
14.092887984218748	2.1801
14.12537544622754	2.1801
14.157937799570817	2.1801
14.190575216890918	2.1801
14.223287871228198	2.1801
14.25607593602188	2.1801
14.288939585111029	2.1801
14.321878992735432	2.1801
14.35489433353656	2.1801
14.387985782558452	2.1801
14.421153515248688	2.1801
14.454397707459272	2.1801
14.487718535447618	2.1801
14.52111617587742	2.1801
14.554590805819661	2.1801
14.588142602753482	2.1801
14.621771744567184	2.1801
14.655478409559112	2.1801
14.68926277643867	2.1801
14.723125024327187	2.1801
14.757065332758946	2.1801
14.791083881682072	2.1801
14.825180851459537	2.1801
14.859356422870068	2.1801
14.893610777109155	2.1801
14.92794409578996	2.1801
14.962356560944336	2.1801
14.996848355023733	2.1801
15.031419660900225	2.1801
15.066070661867418	2.1801
15.100801541641486	2.1801
15.13561248436208	2.1801
15.170503674593368	2.1801
15.205475297324954	2.1801
15.240527537972914	2.1801
15.275660582380723	2.1801
15.310874616820303	2.1801
15.346169827992941	2.1801
15.381546403030349	2.1801
15.417004529495593	2.1801
15.452544395384141	2.1801
15.488166189124811	2.1801
15.523870099580824	2.1801
15.559656316050742	2.1801
15.595525028269538	2.1801
15.631476426409538	2.1801
15.667510701081493	2.1801
15.703628043335524	2.1801
15.739828644662197	2.1801
15.776112696993485	2.1801
15.812480392703835	2.1801
15.848931924611133	2.1801
15.88546748597779	2.1801
15.9220872705117	2.1801
15.958791472367329	2.1801
15.995580286146687	2.1801
16.032453906900418	2.1801
16.069412530128773	2.1801
16.106456351782708	2.1801
16.14358556826486	2.1801
16.18080037643066	2.1801
16.218100973589298	2.1801
16.255487557504843	2.1801
16.29296032639722	2.1801
16.330519478943348	2.1801
16.368165214278086	2.1801
16.405897731995395	2.1801
16.443717232149314	2.1801
16.481623915255085	2.1801
16.51961798229015	2.1801
16.557699634695286	2.1801
16.595869074375607	2.1801
16.634126503701697	2.1801
16.672472125510627	2.1801
16.710906143107078	2.1801
16.749428760264372	2.1801
16.788040181225607	2.1801
16.82674061070467	2.1801
16.865530253887414	2.1801
16.90440931643264	2.1801
16.94337800447329	2.1801
16.982436524617444	2.1801
17.02158508394951	2.1801
17.060823890031234	2.1801
17.10015315090288	2.1801
17.139573075084254	2.1801
17.179083871575884	2.1801
17.218685749860068	2.1801
17.25837891990204	2.1801
17.298163592151013	2.1801
17.338039977541385	2.1801
17.378008287493753	2.1801
17.418068733916144	2.1801
17.458221529205037	2.1801
17.498466886246565	2.1801
17.538805018417612	2.1801
17.57923613958692	2.1801
17.619760464116293	2.1801
17.66037820686164	2.1801
17.701089583174213	2.1801
17.74189480890165	2.1801
17.78279410038923	2.1801
17.82378767448089	2.1801
17.864875748520507	2.1801
17.906058540352937	2.1801
17.947336268325266	2.1801
17.988709151287875	2.1801
18.03017740859569	2.1801
18.071741260109267	2.1801
18.113400926196025	2.1801
18.15515662773135	2.1801
18.197008586099834	2.1801
18.238957023196374	2.1801
18.281002161427427	2.1801
18.323144223712113	2.1801
18.365383433483466	2.1801
18.407720014689556	2.1801
18.450154191794738	2.1801
18.492686189780777	2.1801
18.535316234148116	2.1801
18.57804455091698	2.1801
18.620871366628677	2.1801
18.663796908346693	2.1801
18.706821403658008	2.1801
18.749945080674184	2.1801
18.793168168032686	2.1801
18.836490894898002	2.1801
18.879913490962934	2.1801
18.92343618644975	2.1801
18.967059212111465	2.1801
19.010782799232995	2.1801
19.054607179632473	2.1801
19.098532585662376	2.1801
19.14255925021086	2.1801
19.18668740670289	2.1801
19.230917289101587	2.1801
19.275249131909355	2.1801
19.31968317016924	2.1801
19.364219639466068	2.1801
19.408858775927783	2.1801
19.453600816226626	2.1801
19.498445997580454	2.1801
19.543394557753942	2.1801
19.5884467350599	2.1801
19.633602768360465	2.1801
19.67886289706845	2.1801
19.724227361148536	2.1801
19.76969640111861	2.1801
19.81527025805098	2.1801
19.860949173573715	2.1801
19.906733389871864	2.1801
19.952623149688797	2.1801
19.998618696327437	2.1801
20.044720273651613	2.1801
20.090928126087277	2.1801
20.137242498623884	2.1801
20.183663636815606	2.1801
20.23019178678272	2.1801
20.276827195212817	2.1801
20.32357010936222	2.1801
20.37042077705718	2.1801
20.417379446695296	2.1801
20.46444636724674	2.1801
20.511621788255656	2.1801
20.558905959841415	2.1801
20.606299132700006	2.1801
20.65380155810529	2.1801
20.701413487910425	2.1801
20.749135174549096	2.1801
20.79696687103696	2.1801
20.844908830972887	2.1801
20.892961308540396	2.1801
20.941124558508925	2.1801
20.989398836235246	2.1801
21.03778439766475	2.1801
21.086281499332898	2.1801
21.134890398366466	2.1801
21.183611352485023	2.1801
21.23244462000219	2.1801
21.281390459827122	2.1801
21.330449131465762	2.1801
21.379620895022324	2.1801
21.428906011200585	2.1801
21.478304741305344	2.1801
21.527817347243726	2.1801
21.57744409152667	2.1801
21.6271852372702	2.1801
21.67704104819695	2.1801
21.727011788637444	2.1801
21.77709772353159	2.1801
21.827299118430012	2.1801
21.87761623949553	2.1801
21.928049353504484	2.1801
21.978598727848254	2.1801
22.02926463053456	2.1801
22.080047330189004	2.1801
22.130947096056374	2.1801
22.181964198002195	2.1801
22.23309890651403	2.1801
22.284351492703042	2.1801
22.335722228305315	2.1801
22.3872113856834	2.1801
22.438819237827662	2.1801
22.490546058357815	2.1801
22.54239212152429	2.1801
22.59435770220978	2.1801
22.646443075930595	2.1801
22.698648518838223	2.1801
22.750974307720703	2.1801
22.803420720004187	2.1801
22.8559880337543	2.1801
22.908676527677734	2.1801
22.961486481123618	2.1801
23.01441817408509	2.1801
23.06747188720069	2.1801
23.12064790175595	2.1801
23.173946499684785	2.1801
23.227367963571073	2.1801
23.280912576650078	2.1801
23.334580622810034	2.1801
23.38837238659355	2.1801
23.442288153199215	2.1801
23.49632820848307	2.1801
23.55049283896009	2.1801
23.60478233180577	2.1801
23.659196974857576	2.1801
23.71373705661655	2.1801
23.76840286624876	2.1801
23.823194693586903	2.1801
23.87811282913177	2.1801
23.933157564053875	2.1801
23.9883291901949	2.1801
24.043628000069333	2.1801
24.099054286865943	2.1801
24.154608344449404	2.1801
24.210290467361776	2.1801
24.266100950824157	2.1801
24.322040090738145	2.1801
24.378108183687527	2.1801
24.434305526939713	2.1801
24.490632418447454	2.1801
24.547089156850298	2.1801
24.603676041476273	2.1801
24.660393372343385	2.1801
24.717241450161303	2.1801
24.774220576332848	2.1801
24.831331052955704	2.1801
24.888573182823905	2.1801
24.94594726942955	2.1801
25.003453616964308	2.1801
25.06109253032114	2.1801
25.118864315095795	2.1801
25.176769277588555	2.1801
25.23480772480574	2.1801
25.29297996446145	2.1801
25.35128630497907	2.1801
25.40972705549305	2.1801
25.468302525850405	2.1801
25.527013026612472	2.1801
25.58585886905645	2.1801
25.644840365177174	2.1801
25.703957827688633	2.1801
25.763211570025756	2.1801
25.82260190634596	2.1801
25.88212915153092	2.1801
25.941793621188136	2.1801
26.001595631652723	2.1801
26.06153549998895	2.1801
26.121613543992066	2.1801
26.18183008218985	2.1801
26.24218543384442	2.1801
26.302679918953814	2.1801
26.3633138582538	2.1801
26.42408757321946	2.1801
26.485001386067008	2.1801
26.54605561975539	2.1801
26.6072505979881	2.1801
26.668586645214795	2.1801
26.730064086633117	2.1801
26.791683248190314	2.1801
26.853444456585077	2.1801
26.915348039269155	2.1801
26.977394324449207	2.1801
27.039583641088434	2.1801
27.10191631890843	2.1801
27.164392688390823	2.1801
27.227013080779127	2.1801
27.289777828080403	2.1801
27.352687263067125	2.1801
27.41574171927882	2.1801
27.478941531023974	2.1801
27.542287033381662	2.1801
27.60577856220346	2.1801
27.66941645411511	2.1801
27.73320104651841	2.1801
27.797132677592884	2.1801
27.861211686297708	2.1801
27.925438412373378	2.1801
27.98981319634363	2.1801
28.05433637951713	2.1801
28.11900830398941	2.1801
28.183829312644534	2.1801