 Log10[Gamma/mA] | Log10[-delta] | Log10 [Oh2full/Oh2simp]
-----------------+---------------+-----------------------
-6.	0.30103	0.051395
-5.7	0.30103	0.0340732
-5.4	0.30103	0.0193468
-5.1	0.30103	0.0111229
-4.8	0.30103	0.00664726
-4.5	0.30103	0.00413666
-4.2	0.30103	0.00349317
-3.9	0.30103	0.00365481
-3.6	0.30103	0.00273231
-3.3	0.30103	0.00228616
-3.	0.30103	0.00204647
-2.7	0.30103	0.0018032
-2.4	0.30103	0.00319145
-2.1	0.30103	0.00253576
-1.8	0.30103	0.00156793
-1.5	0.30103	0.00155136
-1.2	0.30103	0.00161739
-1.	0.30103	0.00160963
-6.	0.337242	0.32273
-5.7	0.337242	0.259477
-5.4	0.337242	0.212965
-5.1	0.337242	0.163244
-4.8	0.337242	0.0229497
-4.5	0.337242	0.0131687
-4.2	0.337242	0.00629312
-3.9	0.337242	0.00492727
-3.6	0.337242	0.00418367
-3.3	0.337242	0.00417407
-3.	0.337242	0.00318133
-2.7	0.337242	0.0026884
-2.4	0.337242	0.00226077
-2.1	0.337242	0.00279812
-1.8	0.337242	0.00276184
-1.5	0.337242	0.00189609
-1.2	0.337242	0.0019053
-1.	0.337242	0.00191982
-6.	0.376751	0.61877
-5.7	0.376751	0.505403
-5.4	0.376751	0.424212
-5.1	0.376751	0.329215
-4.8	0.376751	0.157913
-4.5	0.376751	0.0984346
-4.2	0.376751	0.0173086
-3.9	0.376751	0.0128089
-3.6	0.376751	0.00759264
-3.3	0.376751	0.00496322
-3.	0.376751	0.00431034
-2.7	0.376751	0.00405073
-2.4	0.376751	0.00332738
-2.1	0.376751	0.00256927
-1.8	0.376751	0.00281279
-1.5	0.376751	0.0022567
-1.2	0.376751	0.00231017
-1.	0.376751	0.00232187
-6.	0.420216	0.944452
-5.7	0.420216	0.775953
-5.4	0.420216	0.656611
-5.1	0.420216	0.511805
-4.8	0.420216	0.30639
-4.5	0.420216	0.192238
-4.2	0.420216	0.101404
-3.9	0.420216	0.0456305
-3.6	0.420216	0.0341911
-3.3	0.420216	0.0105639
-3.	0.420216	0.00639452
-2.7	0.420216	0.00442286
-2.4	0.420216	0.00410119
-2.1	0.420216	0.00387723
-1.8	0.420216	0.00307264
-1.5	0.420216	0.00278888
-1.2	0.420216	0.00292183
-1.	0.420216	0.00287801
-6.	0.44	1.09269
-5.7	0.44	0.899099
-5.4	0.44	0.762392
-5.1	0.44	0.594914
-4.8	0.44	0.373972
-4.5	0.44	0.234935
-4.2	0.44	0.139681
-3.9	0.44	0.0605699
-3.6	0.44	0.0462979
-3.3	0.44	0.0163679
-3.	0.44	0.00850155
-2.7	0.44	0.00538063
-2.4	0.44	0.0040647
-2.1	0.44	0.00423816
-1.8	0.44	0.0033717
-1.5	0.44	0.00317618
-1.2	0.44	0.0032828
-1.	0.44	0.00316917
-6.	0.468521	1.3064
-5.7	0.468521	1.07663
-5.4	0.468521	0.914888
-5.1	0.468521	0.714727
-4.8	0.468521	0.4714
-4.5	0.468521	0.296487
-4.2	0.468521	0.194863
-3.9	0.468521	0.0821068
-3.6	0.468521	0.0637514
-3.3	0.468521	0.0247352
-3.	0.468521	0.00950822
-2.7	0.468521	0.00745723
-2.4	0.468521	0.00503133
-2.1	0.468521	0.0045629
-1.8	0.468521	0.00378406
-1.5	0.468521	0.00409511
-1.2	0.468521	0.00385435
-1.	0.468521	0.00363035
-6.	0.522879	1.56675
-5.7	0.522879	1.41332
-5.4	0.522879	1.20553
-5.1	0.522879	0.943076
-4.8	0.522879	0.657088
-4.5	0.522879	0.413799
-4.2	0.522879	0.300034
-3.9	0.522879	0.123154
-3.6	0.522879	0.0970158
-3.3	0.522879	0.0406822
-3.	0.522879	0.0244032
-2.7	0.522879	0.0134065
-2.4	0.522879	0.00834296
-2.1	0.522879	0.00594528
-1.8	0.522879	0.00515052
-1.5	0.522879	0.00579345
-1.2	0.522879	0.00508639
-1.	0.522879	0.00460226
-6.	0.56	1.6389
-5.7	0.56	1.53557
-5.4	0.56	1.38166
-5.1	0.56	1.16543
-4.8	0.56	0.893138
-4.5	0.56	0.603628
-4.2	0.56	0.371855
-3.9	0.56	0.213203
-3.6	0.56	0.119732
-3.3	0.56	0.0652982
-3.	0.56	0.0330904
-2.7	0.56	0.0194126
-2.4	0.56	0.0112263
-2.1	0.56	0.00771565
-1.8	0.56	0.0065108
-1.5	0.56	0.00693197
-1.2	0.56	0.00601394
-1.	0.56	0.00538229
-6.	0.585027	1.64988
-5.7	0.585027	1.57553
-5.4	0.585027	1.45501
-5.1	0.585027	1.27499
-4.8	0.585027	1.02737
-4.5	0.585027	0.734537
-4.2	0.585027	0.456233
-3.9	0.585027	0.273762
-3.6	0.585027	0.142893
-3.3	0.585027	0.0854468
-3.	0.585027	0.0462416
-2.7	0.585027	0.026412
-2.4	0.585027	0.0129972
-2.1	0.585027	0.0094573
-1.8	0.585027	0.00757109
-1.5	0.585027	0.00774802
-1.2	0.585027	0.00666959
-1.	0.585027	0.00581661
-6.	0.657577	1.59946
-5.7	0.657577	1.57373
-5.4	0.657577	1.52622
-5.1	0.657577	1.43821
-4.8	0.657577	1.28726
-4.5	0.657577	1.06197
-4.2	0.657577	0.775434
-3.9	0.657577	0.495759
-3.6	0.657577	0.285004
-3.3	0.657577	0.161142
-3.	0.657577	0.0884021
-2.7	0.657577	0.0481194
-2.4	0.657577	0.0243593
-2.1	0.657577	0.0156146
-1.8	0.657577	0.0116513
-1.5	0.657577	0.0105187
-1.2	0.657577	0.00888324
-1.	0.657577	0.00734467
-6.	0.68	1.5701
-5.7	0.68	1.551
-5.4	0.68	1.51464
-5.1	0.68	1.44666
-4.8	0.68	1.32289
-4.5	0.68	1.12533
-4.2	0.68	0.855768
-3.9	0.68	0.565878
-3.6	0.68	0.333545
-3.3	0.68	0.190407
-3.	0.68	0.101303
-2.7	0.68	0.0578223
-2.4	0.68	0.0323845
-2.1	0.68	0.0188616
-1.8	0.68	0.0141506
-1.5	0.68	0.0116663
-1.2	0.68	0.00965567
-1.	0.68	0.00792321
-6.	0.744727	1.47349
-5.7	0.744727	1.46427
-5.4	0.744727	1.44636
-5.1	0.744727	1.41251
-4.8	0.744727	1.34622
-4.5	0.744727	1.22134
-4.2	0.744727	1.01837
-3.9	0.744727	0.748593
-3.6	0.744727	0.477585
-3.3	0.744727	0.274266
-3.	0.744727	0.158094
-2.7	0.744727	0.0894186
-2.4	0.744727	0.0514938
-2.1	0.744727	0.0303657
-1.8	0.744727	0.0208222
-1.5	0.744727	0.0157347
-1.2	0.744727	0.0121697
-1.	0.744727	0.00919616
-6.	0.8	1.37856
-5.7	0.8	1.3728
-5.4	0.8	1.36134
-5.1	0.8	1.34073
-4.8	0.8	1.29983
-4.5	0.8	1.21909
-4.2	0.8	1.0724
-3.9	0.8	0.84919
-3.6	0.8	0.582259
-3.3	0.8	0.348355
-3.	0.8	0.198446
-2.7	0.8	0.118481
-2.4	0.8	0.0701736
-2.1	0.8	0.0425379
-1.8	0.8	0.0283367
-1.5	0.8	0.0202478
-1.2	0.8	0.0144237
-1.	0.8	0.0102049
-6.	0.92	1.14359
-5.7	0.92	1.14025
-5.4	0.92	1.13474
-5.1	0.92	1.12424
-4.8	0.92	1.10571
-4.5	0.92	1.05676
-4.2	0.92	0.99716
-3.9	0.92	0.860656
-3.6	0.92	0.674421
-3.3	0.92	0.451938
-3.	0.92	0.27234
-2.7	0.92	0.165866
-2.4	0.92	0.106596
-2.1	0.92	0.0689028
-1.8	0.92	0.0459322
-1.5	0.92	0.0306728
-1.2	0.92	0.0185442
-1.	0.92	0.011374
-6.	1.04	0.83751
-5.7	1.04	0.836007
-5.4	1.04	0.831743
-5.1	1.04	0.825444
-4.8	1.04	0.814469
-4.5	1.04	0.793838
-4.2	1.04	0.743053
-3.9	1.04	0.685169
-3.6	1.04	0.571182
-3.3	1.04	0.421472
-3.	1.04	0.280039
-2.7	1.04	0.184093
-2.4	1.04	0.125735
-2.1	1.04	0.0871579
-1.8	1.04	0.0593312
-1.5	1.04	0.0378576
-1.2	1.04	0.0198498
-1.	1.04	0.0106289
-6.	1.16	0.425732
-5.7	1.16	0.427664
-5.4	1.16	0.425791
-5.1	1.16	0.421205
-4.8	1.16	0.415883
-4.5	1.16	0.406395
-4.2	1.16	0.390405
-3.9	1.16	0.364021
-3.6	1.16	0.324206
-3.3	1.16	0.272687
-3.	1.16	0.217856
-2.7	1.16	0.168232
-2.4	1.16	0.127257
-2.1	1.16	0.0938479
-1.8	1.16	0.0649727
-1.5	1.16	0.0390772
-1.2	1.16	0.0176946
-1.	1.16	0.00844993
-6.	1.28	0.12994
-5.7	1.28	0.12916
-5.4	1.28	0.128062
-5.1	1.28	0.126989
-4.8	1.28	0.125821
-4.5	1.28	0.124866
-4.2	1.28	0.124628
-3.9	1.28	0.125585
-3.6	1.28	0.124084
-3.3	1.28	0.133768
-3.	1.28	0.138843
-2.7	1.28	0.135558
-2.4	1.28	0.116504
-2.1	1.28	0.0904253
-1.8	1.28	0.0620615
-1.5	1.28	0.0341865
-1.2	1.28	0.0131467
-1.	1.28	0.00570991
-6.	1.4	0.142244
-5.7	1.4	0.141506
-5.4	1.4	0.140233
-5.1	1.4	0.138019
-4.8	1.4	0.134952
-4.5	1.4	0.130721
-4.2	1.4	0.125304
-3.9	1.4	0.119187
-3.6	1.4	0.113435
-3.3	1.4	0.10902
-3.	1.4	0.110385
-2.7	1.4	0.111152
-2.4	1.4	0.101891
-2.1	1.4	0.0801664
-1.8	1.4	0.0522517
-1.5	1.4	0.024839
-1.2	1.4	0.00779455
-1.	1.4	0.00305674
-6.	1.52	0.208739
-5.7	1.52	0.207579
-5.4	1.52	0.205698
-5.1	1.52	0.203103
-4.8	1.52	0.19845
-4.5	1.52	0.191109
-4.2	1.52	0.181113
-3.9	1.52	0.168263
-3.6	1.52	0.153001
-3.3	1.52	0.136591
-3.	1.52	0.121217
-2.7	1.52	0.107327
-2.4	1.52	0.0914867
-2.1	1.52	0.0665315
-1.8	1.52	0.0379521
-1.5	1.52	0.0136875
-1.2	1.52	0.00273378
-1.	1.52	0.000798886
-6.	1.64	0.254646
-5.7	1.64	0.253639
-5.4	1.64	0.251765
-5.1	1.64	0.248835
-4.8	1.64	0.243681
-4.5	1.64	0.235451
-4.2	1.64	0.223502
-3.9	1.64	0.207532
-3.6	1.64	0.187868
-3.3	1.64	0.165127
-3.	1.64	0.139789
-2.7	1.64	0.112854
-2.4	1.64	0.0845399
-2.1	1.64	0.0514322
-1.8	1.64	0.0215484
-1.5	1.64	0.00269694
-1.2	1.64	-0.00146487
-1.	1.64	-0.000992179
-6.	1.76	0.275663
-5.7	1.76	0.274772
-5.4	1.76	0.273236
-5.1	1.76	0.270736
-4.8	1.76	0.265969
-4.5	1.76	0.258117
-4.2	1.76	0.245778
-3.9	1.76	0.228809
-3.6	1.76	0.207564
-3.3	1.76	0.181909
-3.	1.76	0.151529
-2.7	1.76	0.116448
-2.4	1.76	0.0773449
-2.1	1.76	0.0349737
-1.8	1.76	0.00466609
-1.5	1.76	-0.00672992
-1.2	1.76	-0.00474277
-1.	1.76	-0.00236446
-6.	1.88	0.276605
-5.7	1.88	0.275944
-5.4	1.88	0.274557
-5.1	1.88	0.272436
-4.8	1.88	0.268593
-4.5	1.88	0.261803
-4.2	1.88	0.250193
-3.9	1.88	0.23343
-3.6	1.88	0.212206
-3.3	1.88	0.185849
-3.	1.88	0.152831
-2.7	1.88	0.112855
-2.4	1.88	0.0656417
-2.1	1.88	0.0164527
-1.8	1.88	-0.0111773
-1.5	1.88	-0.0143014
-1.2	1.88	-0.00722407
-1.	1.88	-0.003397
-6.	2.	0.263971
-5.7	2.	0.263297
-5.4	2.	0.261888
-5.1	2.	0.258363
-4.8	2.	0.258079
-4.5	2.	0.252777
-4.2	2.	0.242974
-3.9	2.	0.227187
-3.6	2.	0.206344
-3.3	2.	0.179252
-3.	2.	0.14485
-2.7	2.	0.100473
-2.4	2.	0.0477073
-2.1	2.	-0.00363344
-1.8	2.	-0.0249087
-1.5	2.	-0.0200326
-1.2	2.	-0.00905832
-1.	2.	-0.00417097
-6.	2.12	0.241606
-5.7	2.12	0.241458
-5.4	2.12	0.24089
-5.1	2.12	0.237534
-4.8	2.12	0.237787
-4.5	2.12	0.233423
-4.2	2.12	0.224546
-3.9	2.12	0.210739
-3.6	2.12	0.19101
-3.3	2.12	0.163688
-3.	2.12	0.127204
-2.7	2.12	0.0801848
-2.4	2.12	0.0238519
-2.1	2.12	-0.0240538
-1.8	2.12	-0.0359644
-1.5	2.12	-0.0242762
-1.2	2.12	-0.0104096
-1.	2.12	-0.004748
-6.	2.24	0.214239
-5.7	2.24	0.213946
-5.4	2.24	0.213464
-5.1	2.24	0.212633
-4.8	2.24	0.210839
-4.5	2.24	0.206846
-4.2	2.24	0.200727
-3.9	2.24	0.187888
-3.6	2.24	0.168353
-3.3	2.24	0.140626
-3.	2.24	0.102542
-2.7	2.24	0.0528803
-2.4	2.24	-0.00335065
-2.1	2.24	-0.0426509
-1.8	2.24	-0.0443951
-1.5	2.24	-0.0273699
-1.2	2.24	-0.0114113
-1.	2.24	-0.00518326
-6.	2.36	0.181249
-5.7	2.36	0.181165
-5.4	2.36	0.180317
-5.1	2.36	0.179951
-4.8	2.36	0.179257
-4.5	2.36	0.177234
-4.2	2.36	0.171689
-3.9	2.36	0.159453
-3.6	2.36	0.139722
-3.3	2.36	0.111034
-3.	2.36	0.0712196
-2.7	2.36	0.0201276
-2.4	2.36	-0.0312613
-2.1	2.36	-0.0582832
-1.8	2.36	-0.0506782
-1.5	2.36	-0.0296135
-1.2	2.36	-0.0121515
-1.	2.36	-0.00550861
-6.	2.48	0.140687
-5.7	2.48	0.144522
-5.4	2.48	0.144335
-5.1	2.48	0.145046
-4.8	2.48	0.143398
-4.5	2.48	0.141706
-4.2	2.48	0.136816
-3.9	2.48	0.125504
-3.6	2.48	0.105957
-3.3	2.48	0.0764477
-3.	2.48	0.0348869
-2.7	2.48	-0.0152616
-2.4	2.48	-0.0571804
-2.1	2.48	-0.0705273
-1.8	2.48	-0.0552476
-1.5	2.48	-0.0312478
-1.2	2.48	-0.0127043
-1.	2.48	-0.00575165
-6.	2.6	0.10017
-5.7	2.6	0.104634
-5.4	2.6	0.104441
-5.1	2.6	0.10394
-4.8	2.6	0.103419
-4.5	2.6	0.10258
-4.2	2.6	0.101443
-3.9	2.6	0.0905335
-3.6	2.6	0.0699299
-3.3	2.6	0.0381258
-3.	2.6	-0.00514318
-2.7	2.6	-0.0512843
-2.4	2.6	-0.0792213
-2.1	2.6	-0.0797296
-1.8	2.6	-0.0585226
-1.5	2.6	-0.0324497
-1.2	2.6	-0.0131149
-1.	2.6	-0.00593495
-6.	2.72	0.0586858
-5.7	2.72	0.0624454
-5.4	2.72	0.0618823
-5.1	2.72	0.0617403
-4.8	2.72	0.061392
-4.5	2.72	0.0607409
-4.2	2.72	0.0567722
-3.9	2.72	0.0460055
-3.6	2.72	0.0247422
-3.3	2.72	-0.00359075
-3.	2.72	-0.0467876
-2.7	2.72	-0.084205
-2.4	2.72	-0.0965451
-2.1	2.72	-0.086475
-1.8	2.72	-0.0609278
-1.5	2.72	-0.0333349
-1.2	2.72	-0.0134241
-1.	2.72	-0.0060736
-6.	2.84	0.0143446
-5.7	2.84	0.0182123
-5.4	2.84	0.0158394
-5.1	2.84	0.0172441
-4.8	2.84	0.0166713
-4.5	2.84	0.0157842
-4.2	2.84	0.0124851
-3.9	2.84	0.00151602
-3.6	2.84	-0.020796
-3.3	2.84	-0.0540536
-3.	2.84	-0.0886902
-2.7	2.84	-0.112481
-2.4	2.84	-0.109812
-2.1	2.84	-0.0913787
-1.8	2.84	-0.0628524
-1.5	2.84	-0.0339942
-1.2	2.84	-0.0136527
-1.	2.84	-0.00617753
-6.	2.96	-0.032389
-5.7	2.96	-0.0278787
-5.4	2.96	-0.0288606
-5.1	2.96	-0.0294422
-4.8	2.96	-0.0298314
-4.5	2.96	-0.0308021
-4.2	2.96	-0.0337652
-3.9	2.96	-0.0453812
-3.6	2.96	-0.0689204
-3.3	2.96	-0.10212
-3.	2.96	-0.130725
-2.7	2.96	-0.135217
-2.4	2.96	-0.119513
-2.1	2.96	-0.0950985
-1.8	2.96	-0.063991
-1.5	2.96	-0.0344795
-1.2	2.96	-0.0138278
-1.	2.96	-0.00625128
-6.	3.08	-0.0791225
-5.7	3.08	-0.0758674
-5.4	3.08	-0.0767284
-5.1	3.08	-0.0774117
-4.8	3.08	-0.0776617
-4.5	3.08	-0.0795269
-4.2	3.08	-0.0832084
-3.9	3.08	-0.0957006
-3.6	3.08	-0.120249
-3.3	3.08	-0.150404
-3.	3.08	-0.165674
-2.7	3.08	-0.152626
-2.4	3.08	-0.126506
-2.1	3.08	-0.0975032
-1.8	3.08	-0.0649472
-1.5	3.08	-0.0348433
-1.2	3.08	-0.0139597
-1.	3.08	-0.00631184
-6.	3.2	-0.12737
-5.7	3.2	-0.125583
-5.4	3.2	-0.126126
-5.1	3.2	-0.126749
-4.8	3.2	-0.127268
-4.5	3.2	-0.128712
-4.2	3.2	-0.133734
-3.9	3.2	-0.14892
-3.6	3.2	-0.173224
-3.3	3.2	-0.196039
-3.	3.2	-0.193878
-2.7	3.2	-0.165346
-2.4	3.2	-0.131567
-2.1	3.2	-0.0994109
-1.8	3.2	-0.0656524
-1.5	3.2	-0.0351175
-1.2	3.2	-0.0140592
-1.	3.2	-0.00635509
-6.	3.32	-0.177997
-5.7	3.32	-0.176503
-5.4	3.32	-0.177315
-5.1	3.32	-0.177723
-4.8	3.32	-0.178312
-4.5	3.32	-0.180743
-4.2	3.32	-0.187328
-3.9	3.32	-0.204063
-3.6	3.32	-0.22701
-3.3	3.32	-0.237037
-3.	3.32	-0.215605
-2.7	3.32	-0.174519
-2.4	3.32	-0.135284
-2.1	3.32	-0.10079
-1.8	3.32	-0.0661691
-1.5	3.32	-0.0353242
-1.2	3.32	-0.0141326
-1.	3.32	-0.00639029
-6.	3.44	-0.230598
-5.7	3.44	-0.23034
-5.4	3.44	-0.229219
-5.1	3.44	-0.230036
-4.8	3.44	-0.231723
-4.5	3.44	-0.234754
-4.2	3.44	-0.24292
-3.9	3.44	-0.261558
-3.6	3.44	-0.278383
-3.3	3.44	-0.270769
-3.	3.44	-0.231537
-2.7	3.44	-0.181237
-2.4	3.44	-0.137963
-2.1	3.44	-0.101823
-1.8	3.44	-0.0665656
-1.5	3.44	-0.035479
-1.2	3.44	-0.0141887
-1.	3.44	-0.00641616
-6.	3.56	-0.283199
-5.7	3.56	-0.281572
-5.4	3.56	-0.282629
-5.1	3.56	-0.284241
-4.8	3.56	-0.287609
-4.5	3.56	-0.29274
-4.2	3.56	-0.302324
-3.9	3.56	-0.318614
-3.6	3.56	-0.324387
-3.3	3.56	-0.297073
-3.	3.56	-0.242933
-2.7	3.56	-0.186045
-2.4	3.56	-0.139943
-2.1	3.56	-0.102601
-1.8	3.56	-0.0668637
-1.5	3.56	-0.0355935
-1.2	3.56	-0.0142313
-1.	3.56	-0.00643563
-6.	3.68	-0.337535
-5.7	3.68	-0.339486
-5.4	3.68	-0.339919
-5.1	3.68	-0.341768
-4.8	3.68	-0.345507
-4.5	3.68	-0.353007
-4.2	3.68	-0.363055
-3.9	3.68	-0.374445
-3.6	3.68	-0.363842
-3.3	3.68	-0.316659
-3.	3.68	-0.249691
-2.7	3.68	-0.190291
-2.4	3.68	-0.141421
-2.1	3.68	-0.10316
-1.8	3.68	-0.067085
-1.5	3.68	-0.0356831
-1.2	3.68	-0.0142643
-1.	3.68	-0.00645077
-6.	3.8	-0.397448
-5.7	3.8	-0.398471
-5.4	3.8	-0.39926
-5.1	3.8	-0.401899
-4.8	3.8	-0.407008
-4.5	3.8	-0.415233
-4.2	3.8	-0.426244
-3.9	3.8	-0.426217
-3.6	3.8	-0.39518
-3.3	3.8	-0.330461
-3.	3.8	-0.255453
-2.7	3.8	-0.192056
-2.4	3.8	-0.1425
-2.1	3.8	-0.103592
-1.8	3.8	-0.0672513
-1.5	3.8	-0.0357513
-1.2	3.8	-0.0142879
-1.	3.8	-0.00646177
-6.	3.92	-0.458726
-5.7	3.92	-0.459609
-5.4	3.92	-0.460998
-5.1	3.92	-0.464361
-4.8	3.92	-0.470945
-4.5	3.92	-0.481379
-4.2	3.92	-0.486922
-3.9	3.92	-0.471576
-3.6	3.92	-0.418613
-3.3	3.92	-0.340366
-3.	3.92	-0.259703
-2.7	3.92	-0.193918
-2.4	3.92	-0.143329
-2.1	3.92	-0.103914
-1.8	3.92	-0.067377
-1.5	3.92	-0.0358011
-1.2	3.92	-0.0143073
-1.	3.92	-0.00646988
-6.	4.04	-0.523514
-5.7	4.04	-0.524423
-5.4	4.04	-0.526115
-5.1	4.04	-0.530631
-4.8	4.04	-0.536957
-4.5	4.04	-0.550709
-4.2	4.04	-0.546494
-3.9	4.04	-0.508949
-3.6	4.04	-0.435385
-3.3	4.04	-0.34736
-3.	4.04	-0.262755
-2.7	4.04	-0.195302
-2.4	4.04	-0.143875
-2.1	4.04	-0.104158
-1.8	4.04	-0.0674702
-1.5	4.04	-0.0358387
-1.2	4.04	-0.0143205
-1.	4.04	-0.00647656
-6.	4.16	-0.580076
-5.7	4.16	-0.582328
-5.4	4.16	-0.58577
-5.1	4.16	-0.592662
-4.8	4.16	-0.601667
-4.5	4.16	-0.614255
-4.2	4.16	-0.59627
-3.9	4.16	-0.537453
-3.6	4.16	-0.447243
-3.3	4.16	-0.352279
-3.	4.16	-0.265043
-2.7	4.16	-0.196334
-2.4	4.16	-0.144334
-2.1	4.16	-0.10434
-1.8	4.16	-0.0675438
-1.5	4.16	-0.035867
-1.2	4.16	-0.0143319
-1.	4.16	-0.00648155
-6.	4.28	-0.64714
-5.7	4.28	-0.649737
-5.4	4.28	-0.653905
-5.1	4.28	-0.661348
-4.8	4.28	-0.670995
-4.5	4.28	-0.67474
-4.2	4.28	-0.637569
-3.9	4.28	-0.556713
-3.6	4.28	-0.455634
-3.3	4.28	-0.35581
-3.	4.28	-0.267785
-2.7	4.28	-0.19711
-2.4	4.28	-0.144679
-2.1	4.28	-0.10448
-1.8	4.28	-0.0675989
-1.5	4.28	-0.0358914
-1.2	4.28	-0.0143405
-1.	4.28	-0.00648503
-6.	4.4	-0.714255
-5.7	4.4	-0.717246
-5.4	4.4	-0.722761
-5.1	4.4	-0.730931
-4.8	4.4	-0.742328
-4.5	4.4	-0.729476
-4.2	4.4	-0.669508
-3.9	4.4	-0.570583
-3.6	4.4	-0.460746
-3.3	4.4	-0.358311
-3.	4.4	-0.267882
-2.7	4.4	-0.197682
-2.4	4.4	-0.144937
-2.1	4.4	-0.104586
-1.8	4.4	-0.0676408
-1.5	4.4	-0.0359075
-1.2	4.4	-0.0143452
-1.	4.4	-0.00648783
-6.	4.52	-0.781824
-5.7	4.52	-0.785297
-5.4	4.52	-0.795409
-5.1	4.52	-0.802959
-4.8	4.52	-0.805675
-4.5	4.52	-0.775799
-4.2	4.52	-0.692762
-3.9	4.52	-0.58033
-3.6	4.52	-0.46483
-3.3	4.52	-0.36014
-3.	4.52	-0.268739
-2.7	4.52	-0.198117
-2.4	4.52	-0.145128
-2.1	4.52	-0.104909
-1.8	4.52	-0.0676723
-1.5	4.52	-0.0359202
-1.2	4.52	-0.0143498
-1.	4.52	-0.00649013
-6.	4.64	-0.851897
-5.7	4.64	-0.857111
-5.4	4.64	-0.8637
-5.1	4.64	-0.870393
-4.8	4.64	-0.863873
-4.5	4.64	-0.811954
-4.2	4.64	-0.709002
-3.9	4.64	-0.586976
-3.6	4.64	-0.467745
-3.3	4.64	-0.361479
-3.	4.64	-0.269396
-2.7	4.64	-0.198442
-2.4	4.64	-0.145283
-2.1	4.64	-0.104969
-1.8	4.64	-0.0676963
-1.5	4.64	-0.0359296
-1.2	4.64	-0.0143536
-1.	4.64	-0.00649155
-6.	4.76	-0.917599
-5.7	4.76	-0.923105
-5.4	4.76	-0.931709
-5.1	4.76	-0.935318
-4.8	4.76	-0.9142
-4.5	4.76	-0.839189
-4.2	4.76	-0.720074
-3.9	4.76	-0.591676
-3.6	4.76	-0.469818
-3.3	4.76	-0.362484
-3.	4.76	-0.269926
-2.7	4.76	-0.198689
-2.4	4.76	-0.145894
-2.1	4.76	-0.104763
-1.8	4.76	-0.0677145
-1.5	4.76	-0.0359368
-1.2	4.76	-0.0143577
-1.	4.76	-0.00649312
-6.	4.88	-0.983031
-5.7	4.88	-0.989979
-5.4	4.88	-0.990393
-5.1	4.88	-0.995781
-4.8	4.88	-0.955401
-4.5	4.88	-0.858421
-4.2	4.88	-0.727857
-3.9	4.88	-0.594953
-3.6	4.88	-0.471313
-3.3	4.88	-0.363217
-3.	4.88	-0.270262
-2.7	4.88	-0.198857
-2.4	4.88	-0.145479
-2.1	4.88	-0.104798
-1.8	4.88	-0.0677287
-1.5	4.88	-0.0360906
-1.2	4.88	-0.0143598
-1.	4.88	-0.00649325
-6.	5.	-1.04825
-5.7	5.	-1.04866
-5.4	5.	-1.04908
-5.1	5.	-1.04949
-4.8	5.	-0.986867
-4.5	5.	-0.871293
-4.2	5.	-0.732898
-3.9	5.	-0.597188
-3.6	5.	-0.472429
-3.3	5.	-0.363771
-3.	5.	-0.270633
-2.7	5.	-0.199015
-2.4	5.	-0.145537
-2.1	5.	-0.104824
-1.8	5.	-0.0677391
-1.5	5.	-0.0359463
-1.2	5.	-0.0143596
-1.	5.	-0.00649465
